17
13 17 19 16 5 9 20 19 9 19 2 8 17 1 4 20 6 
0 3 2 0 0 10 5 0 5 2 0 0 2 0 5 3 0 
3 0 4 0 10 0 0 2 2 1 5 0 0 0 0 0 1 
2 4 0 3 4 5 5 5 1 4 0 4 0 4 0 3 2 
0 0 3 0 0 0 2 2 0 6 2 5 2 5 1 1 1 
0 10 4 0 0 2 0 0 0 0 0 0 0 0 2 0 0 
10 0 5 0 2 0 10 10 5 10 6 0 0 10 2 10 1 
5 0 5 2 0 10 0 1 3 5 0 0 2 4 5 10 6 
0 2 5 2 0 10 1 0 10 2 5 2 0 3 0 0 0 
5 2 1 0 0 5 3 10 0 5 6 0 1 5 5 5 2 
2 1 4 6 0 10 5 2 5 0 0 1 2 1 0 0 0 
0 5 0 2 0 6 0 5 6 0 0 2 0 4 2 1 0 
0 0 4 5 0 0 0 2 0 1 2 0 2 1 0 3 10 
2 0 0 2 0 0 2 0 1 2 0 2 0 4 5 0 1 
0 0 4 5 0 10 4 3 5 1 4 1 4 0 0 0 2 
5 0 0 1 2 2 5 0 5 0 2 0 5 0 0 2 0 
3 0 3 1 0 10 10 0 5 0 1 3 0 0 2 0 0 
0 1 2 1 0 1 6 0 2 0 0 10 1 2 0 0 0 
