60
52,27,23,61,22,33,47,5,24,60,59,24,29,39,14,26,56,10,30,53,60,8,23,52,60,22,16,55,30,47,56,19,50,56,13,24,47,53,44,31,46,43,22,54,35,13,22,55,46,9,4,53,30,25,60,39,37,50,60,29
0,0,0,2,1,0,0,0,0,0,0,0,0,1,0,1,1,1,0,0,0,0,1,0,1,1,1,0,1,2,0,1,0,2,0,0,0,0,0,0,1,1,0,0,1,0,1,0,0,1,0,2,0,1,0,1,0,1,1,2
0,0,1,1,1,1,1,1,0,1,2,0,0,2,1,2,1,2,0,0,1,0,0,0,0,1,0,1,1,1,0,0,1,1,1,0,1,1,0,0,0,2,0,1,2,1,1,1,1,1,0,0,2,0,1,0,1,2,1,2
0,1,0,1,2,1,1,0,0,1,2,0,0,2,1,1,2,1,0,0,1,0,0,0,1,1,0,1,0,1,1,1,1,1,1,0,1,1,0,1,0,1,0,1,1,1,1,1,0,1,1,0,2,1,1,0,1,2,2,3
2,1,1,0,0,0,0,0,0,0,0,0,0,1,2,0,0,0,0,0,1,0,1,1,0,0,0,0,1,1,0,0,0,0,0,0,1,0,0,2,1,0,0,1,0,0,1,2,0,1,0,2,0,0,0,0,0,1,1,1
1,1,2,0,0,2,1,1,0,0,1,0,0,1,1,1,1,1,0,0,0,1,2,1,0,1,1,1,2,1,0,0,1,1,2,1,2,0,1,1,0,0,0,1,0,0,0,1,2,0,0,1,2,1,1,0,1,1,2,1
0,1,1,0,2,0,1,0,0,0,1,0,0,0,0,0,0,1,0,0,1,1,1,1,0,1,1,0,0,1,0,0,1,0,2,0,1,0,0,2,1,0,0,1,0,0,0,0,1,0,0,1,2,1,0,0,0,1,1,1
0,1,1,0,1,1,0,0,0,0,0,0,0,0,0,1,1,0,0,0,0,0,0,0,0,1,0,0,0,0,0,0,0,0,0,0,0,0,0,1,0,0,0,1,1,0,0,0,0,1,0,0,1,1,0,0,0,1,1,1
0,1,0,0,1,0,0,0,0,0,1,0,0,1,0,1,1,0,0,0,0,0,0,0,1,0,0,0,0,1,0,0,0,0,0,0,0,2,0,0,0,1,0,0,2,0,0,0,0,1,0,1,0,1,0,0,0,1,0,1
0,0,0,0,0,0,0,0,0,0,1,0,0,0,0,0,1,0,0,0,0,0,0,1,0,0,0,0,1,1,0,0,0,0,0,0,0,0,0,0,1,1,0,0,1,0,1,0,1,1,0,1,0,0,0,1,0,1,0,1
0,1,1,0,0,0,0,0,0,0,0,0,0,0,1,0,1,0,0,0,1,1,0,1,0,0,0,0,2,0,0,0,0,0,0,0,0,0,0,0,0,1,0,0,0,0,0,0,1,1,0,1,0,0,0,1,1,1,1,1
0,2,2,0,1,1,0,1,1,0,0,0,0,0,1,1,1,0,0,0,1,0,0,1,0,0,0,0,1,1,0,0,1,0,2,0,1,0,1,1,0,2,0,1,0,1,1,1,0,0,0,2,0,1,0,0,0,2,1,1
0,0,0,0,0,0,0,0,0,0,0,0,0,0,1,0,0,0,0,0,0,0,0,0,0,0,0,0,1,0,0,0,0,0,0,0,1,0,0,0,0,0,0,0,0,0,0,0,0,0,0,0,0,0,0,0,0,0,0,0
0,0,0,0,0,0,0,0,0,0,0,0,0,0,0,0,0,0,0,0,0,0,0,0,0,0,0,0,0,0,0,0,0,0,0,0,0,0,0,0,0,0,0,0,0,0,0,0,0,0,0,0,0,0,0,0,0,0,0,0
1,2,2,1,1,0,0,1,0,0,0,0,0,0,2,1,2,1,0,0,1,1,0,0,0,1,2,1,1,3,0,1,1,0,2,0,1,0,0,2,0,1,0,0,1,0,0,2,0,1,0,2,2,0,1,0,0,2,2,1
0,1,1,2,1,0,0,0,0,1,1,1,0,2,0,1,2,1,0,0,2,0,0,1,1,2,1,1,2,1,0,1,1,1,1,0,1,1,0,2,1,2,1,1,2,0,1,1,0,1,0,1,2,0,0,2,0,3,2,2
1,2,1,0,1,0,1,1,0,0,1,0,0,1,1,0,1,1,1,0,0,0,1,1,1,1,1,1,1,1,0,0,0,1,1,0,2,1,1,1,0,1,0,0,0,1,2,1,1,1,0,2,1,1,1,1,1,1,1,2
1,1,2,0,1,0,1,1,1,1,1,0,0,2,2,1,0,1,1,0,2,0,1,1,0,1,2,1,1,1,0,0,1,0,2,1,2,0,1,1,1,0,0,1,1,2,2,1,1,1,0,1,2,0,0,0,0,1,1,1
1,2,1,0,1,1,0,0,0,0,0,0,0,1,1,1,1,0,0,0,1,0,0,1,0,0,1,1,1,1,0,0,1,1,1,0,1,0,0,0,0,1,0,1,0,1,1,1,1,0,1,1,1,1,1,0,0,1,1,2
0,0,0,0,0,0,0,0,0,0,0,0,0,0,0,1,1,0,0,0,0,1,0,0,0,0,0,0,0,0,0,0,0,0,0,0,0,0,0,0,0,0,0,0,0,0,0,0,0,1,0,0,0,0,0,0,0,0,1,0
0,0,0,0,0,0,0,0,0,0,0,0,0,0,0,0,0,0,0,0,0,0,0,0,0,0,0,0,0,0,0,0,0,0,0,0,0,0,0,0,0,0,0,1,0,0,0,0,0,0,0,0,0,0,1,0,0,0,0,0
0,1,1,1,0,1,0,0,0,1,1,0,0,1,2,0,2,1,0,0,0,0,1,1,1,1,1,0,2,1,0,1,0,0,1,0,2,1,1,1,0,2,0,1,0,0,1,1,1,1,0,1,1,0,0,1,0,1,1,1
0,0,0,0,1,1,0,0,0,1,0,0,0,1,0,0,0,0,1,0,0,0,0,1,0,1,0,0,0,0,0,0,0,1,0,0,0,0,0,0,0,0,0,0,0,0,0,0,0,0,0,0,0,0,0,0,0,0,1,0
1,0,0,1,2,1,0,0,0,0,0,0,0,0,0,1,1,0,0,0,1,0,0,1,0,0,1,0,2,0,0,0,1,0,1,0,0,0,0,0,0,1,0,1,1,0,0,0,0,1,0,0,1,0,0,1,1,1,1,1
0,0,0,1,1,1,0,0,1,1,1,0,0,0,1,1,1,1,0,0,1,1,1,0,0,0,0,1,0,0,1,0,1,1,0,0,1,0,0,0,1,0,0,1,1,1,0,0,0,1,0,0,1,0,0,1,0,1,0,1
1,0,1,0,0,0,0,1,0,0,0,0,0,0,1,1,0,0,0,0,1,0,0,0,0,2,0,0,1,1,0,1,0,0,1,0,1,0,0,0,0,1,1,0,0,0,0,0,0,1,0,2,0,0,0,0,0,1,1,0
1,1,1,0,1,1,1,0,0,0,0,0,0,1,2,1,1,0,0,0,1,1,0,0,2,0,1,2,2,3,0,1,1,2,1,0,1,1,1,1,1,2,0,1,2,1,1,1,0,0,0,2,0,1,0,1,0,1,1,2
1,0,0,0,1,1,0,0,0,0,0,0,0,2,1,1,2,1,0,0,1,0,1,0,0,1,0,0,0,2,0,0,0,1,1,0,1,0,0,1,0,2,0,1,1,0,0,1,1,1,1,1,2,0,2,0,0,2,2,1
0,1,1,0,1,0,0,0,0,0,0,0,0,1,1,1,1,1,0,0,0,0,0,1,0,2,0,0,0,1,0,0,0,0,1,0,1,0,0,0,1,1,0,0,0,0,1,0,0,0,0,1,1,0,0,0,0,1,1,2
1,1,0,1,2,0,0,0,1,2,1,1,0,1,2,1,1,1,0,0,2,0,2,0,1,2,0,0,0,3,0,1,0,1,1,1,1,1,0,0,0,3,0,1,2,1,2,0,0,1,1,2,1,1,1,1,0,2,1,3
2,1,1,1,1,1,0,1,1,0,1,0,0,3,1,1,1,1,0,0,1,0,0,0,1,3,2,1,3,0,0,1,1,1,1,0,1,1,0,2,2,3,0,0,1,0,2,2,1,1,1,2,0,0,1,1,0,2,2,2
0,0,1,0,0,0,0,0,0,0,0,0,0,0,0,0,0,0,0,0,0,0,0,1,0,0,0,0,0,0,0,0,1,0,0,0,0,0,0,1,0,1,0,0,0,0,0,0,0,0,0,0,0,0,0,0,0,0,1,0
1,0,1,0,0,0,0,0,0,0,0,0,0,1,1,0,0,0,0,0,1,0,0,0,1,1,0,0,1,1,0,0,1,0,1,0,0,0,0,0,0,2,1,0,0,0,0,1,0,1,1,1,0,1,0,0,0,1,1,0
0,1,1,0,1,1,0,0,0,0,1,0,0,1,1,0,1,1,0,0,0,0,1,1,0,1,0,0,0,1,1,1,0,0,1,1,1,0,1,1,0,0,0,0,1,0,0,1,1,1,0,0,1,0,1,1,0,1,1,2
2,1,1,0,1,0,0,0,0,0,0,0,0,0,1,1,0,1,0,0,0,1,0,1,0,2,1,0,1,1,0,0,0,0,1,0,0,0,0,0,1,1,0,0,0,0,1,0,1,0,0,1,0,0,0,0,0,1,0,1
0,1,1,0,2,2,0,0,0,0,2,0,0,2,1,1,2,1,0,0,1,0,1,0,1,1,1,1,1,1,0,1,1,1,0,1,0,1,0,0,1,2,1,1,2,0,1,0,0,1,0,1,1,1,0,1,0,2,1,2
0,0,0,0,1,0,0,0,0,0,0,0,0,0,0,0,1,0,0,0,0,0,0,0,0,0,0,0,1,0,0,0,1,0,1,0,0,0,0,0,0,1,0,0,1,0,0,0,0,1,0,0,0,0,0,1,0,1,0,1
0,1,1,1,2,1,0,0,0,0,1,1,0,1,1,2,2,1,0,0,2,0,0,1,1,1,1,1,1,1,0,0,1,0,0,0,0,0,0,0,0,3,0,1,1,0,0,1,0,1,0,1,1,2,0,0,0,2,1,1
0,1,1,0,0,0,0,2,0,0,0,0,0,0,1,1,0,0,0,0,1,0,0,0,0,1,0,0,1,1,0,0,0,0,1,0,0,0,0,0,0,1,0,0,0,0,1,1,1,0,0,1,1,1,0,1,0,0,1,1
0,0,0,0,1,0,0,0,0,0,1,0,0,0,0,1,1,0,0,0,1,0,0,0,0,1,0,0,0,0,0,0,1,0,0,0,0,0,0,0,0,0,0,1,1,0,0,0,0,1,0,0,0,0,0,1,0,1,0,1
0,0,1,2,1,2,1,0,0,0,1,0,0,2,2,1,1,0,0,0,1,0,0,0,0,1,1,0,0,2,1,0,1,0,0,0,0,0,0,0,1,2,0,1,1,0,1,0,0,0,0,1,1,0,0,0,0,1,1,1
1,0,0,1,0,1,0,0,1,0,0,0,0,0,1,0,1,0,0,0,0,0,0,1,0,1,0,1,0,2,0,0,0,1,1,0,0,0,0,1,0,1,1,0,0,1,1,0,0,0,1,1,0,1,0,0,0,0,1,1
1,2,1,0,0,0,0,1,1,1,2,0,0,1,2,1,0,1,0,0,2,0,1,0,1,2,2,1,3,3,1,2,0,1,2,1,3,1,0,2,1,0,0,0,1,0,2,2,1,0,0,2,1,1,1,2,1,2,1,3
0,0,0,0,0,0,0,0,0,0,0,0,0,0,1,0,0,0,0,0,0,0,0,0,1,0,0,0,0,0,0,1,0,0,1,0,0,0,0,0,1,0,0,0,0,0,1,0,0,0,0,0,0,0,0,0,0,0,0,0
0,1,1,1,1,1,1,0,0,0,1,0,0,0,1,0,1,1,0,1,1,0,1,1,0,1,1,0,1,0,0,0,0,0,1,0,1,0,1,1,0,0,0,0,1,0,0,1,0,0,0,1,1,0,1,1,0,0,1,1
1,2,1,0,0,0,1,2,1,0,0,0,0,1,2,0,1,0,0,0,0,0,1,1,0,2,1,0,2,1,0,0,1,0,2,1,1,0,1,1,0,1,0,1,0,0,0,2,0,1,0,1,2,1,1,0,0,1,2,1
0,1,1,0,0,0,0,0,0,0,1,0,0,0,0,1,2,1,0,0,0,0,0,1,0,1,0,0,1,0,0,0,0,0,0,0,0,0,0,0,1,0,0,0,0,0,0,0,0,0,0,0,0,0,0,0,0,0,0,1
1,1,1,1,0,0,0,0,1,0,1,0,0,0,1,2,2,1,0,0,1,0,0,0,0,1,0,1,2,2,0,0,0,1,1,0,0,1,0,1,1,2,1,0,0,0,0,1,1,1,0,2,1,1,0,1,0,0,1,2
0,1,1,2,1,0,0,0,0,0,1,0,0,2,1,1,1,1,0,0,1,0,0,0,0,1,1,0,0,2,0,1,1,0,0,0,1,1,0,0,0,2,0,1,2,0,1,0,0,0,0,1,1,0,0,1,0,2,2,2
0,1,0,0,2,1,0,0,1,1,0,0,0,0,0,1,1,1,0,0,1,0,0,0,0,0,1,0,0,1,0,0,1,1,0,0,0,1,0,0,0,1,0,0,0,0,1,0,0,1,1,1,0,1,0,0,1,1,1,1
1,1,1,1,0,0,1,1,1,1,0,0,0,1,1,1,1,0,1,0,1,0,1,1,1,0,1,0,1,1,0,1,1,0,1,1,1,0,1,0,0,0,0,0,1,0,1,0,1,0,0,0,0,0,0,0,1,0,0,0
0,0,1,0,0,0,0,0,0,0,0,0,0,0,0,0,0,1,0,0,0,0,0,0,0,0,1,0,1,1,0,1,0,0,0,0,0,0,0,0,1,0,0,0,0,0,0,0,1,0,0,1,0,0,0,0,0,0,0,1
2,0,0,2,1,1,0,1,1,1,2,0,0,2,1,2,1,1,0,0,1,0,0,0,2,2,1,1,2,2,0,1,0,1,1,0,1,1,0,1,1,2,0,1,1,0,2,1,1,0,1,0,0,0,0,1,0,1,2,3
0,2,2,0,2,2,1,0,0,0,0,0,0,2,2,1,2,1,0,0,1,0,1,1,0,0,2,1,1,0,0,0,1,0,1,0,1,1,0,1,0,1,0,1,2,0,1,1,0,0,0,0,0,0,0,2,0,2,2,1
1,0,1,0,1,1,1,1,0,0,1,0,0,0,0,1,0,1,0,0,0,0,0,0,0,1,0,0,1,0,0,1,0,0,1,0,2,1,0,0,1,1,0,0,1,0,1,0,1,0,0,0,0,0,1,0,0,1,1,2
0,1,1,0,1,0,0,0,0,0,0,0,0,1,0,1,0,1,0,1,0,0,0,0,0,0,2,0,1,1,0,0,1,0,0,0,0,0,0,0,0,1,0,1,1,0,0,0,0,0,0,0,0,1,0,0,0,0,2,0
1,0,0,0,0,0,0,0,1,1,0,0,0,0,2,1,0,0,0,0,1,0,1,1,0,1,0,0,1,1,0,0,1,0,1,1,0,1,1,0,0,2,0,1,0,0,1,1,0,0,0,1,2,0,0,0,0,0,2,1
0,1,1,0,1,0,0,0,0,1,0,0,0,0,0,1,0,0,0,0,0,0,1,0,0,0,0,0,0,0,0,0,0,0,0,0,0,0,0,0,0,1,0,0,0,0,0,0,1,1,0,0,0,0,0,0,0,0,0,1
1,2,2,1,1,1,1,1,1,1,2,0,0,2,3,1,1,1,0,0,1,0,1,1,1,1,2,1,2,2,0,1,1,1,2,1,2,0,1,1,0,2,0,0,1,0,0,2,1,0,0,1,2,1,0,0,0,0,2,2
1,1,2,1,2,1,1,0,0,1,1,0,0,2,2,1,1,1,1,0,1,1,1,0,1,1,2,1,1,2,1,1,1,0,1,0,1,1,0,1,1,1,0,1,2,0,1,2,1,0,0,2,2,1,2,2,0,2,0,2
2,2,3,1,1,1,1,1,1,1,1,0,0,1,2,2,1,2,0,0,1,0,1,1,0,2,1,2,3,2,0,0,2,1,2,1,1,1,1,1,1,3,0,1,1,1,2,2,1,0,1,3,1,2,0,1,1,2,2,0
