60
2,45,32,40,24,23,28,48,59,38,56,37,53,38,56,14,8,22,21,52,32,59,60,2,45,4,32,9,29,52,43,40,37,25,49,21,26,20,6,18,39,53,18,49,16,4,45,53,38,42,3,24,46,9,9,26,56,21,9,4
0,0,1,0,2,1,1,1,1,1,1,2,2,2,2,0,0,0,1,0,1,1,2,2,4,1,1,1,1,1,0,2,2,1,1,1,1,2,2,0,0,1,2,0,2,0,0,1,1,0,1,1,0,2,0,1,0,0,2,1
0,0,1,2,2,0,2,2,1,0,1,0,1,0,1,1,1,3,1,0,2,2,3,1,2,1,1,0,0,2,1,2,1,1,1,2,2,2,1,0,0,1,2,1,1,1,2,1,1,2,3,2,0,1,0,2,1,1,1,1
1,1,0,1,1,1,2,1,0,1,1,2,2,1,1,2,0,0,0,1,0,0,1,1,3,1,1,0,0,0,1,1,2,0,2,1,0,0,3,0,0,2,2,0,2,0,2,2,1,0,2,1,1,1,2,0,1,2,1,0
0,2,1,0,1,1,1,0,2,0,2,0,0,1,2,2,1,1,1,1,1,2,1,1,3,1,0,0,0,0,1,2,1,1,0,2,1,2,1,0,1,2,1,1,3,1,3,2,2,1,1,0,1,0,2,1,2,1,2,0
2,2,1,1,0,2,0,1,3,0,1,1,0,3,2,1,2,4,1,0,3,2,1,1,5,1,2,1,1,2,3,4,4,3,1,3,1,0,2,0,1,1,1,2,2,2,2,3,2,2,0,1,0,2,1,2,1,1,0,0
1,0,1,1,2,0,2,2,0,0,1,2,2,0,2,0,1,1,0,1,1,2,4,1,1,1,2,0,1,1,0,1,1,0,1,2,2,2,2,1,0,1,3,0,0,2,2,0,1,0,3,2,0,2,2,2,2,2,3,0
1,2,2,1,0,2,0,1,0,0,1,1,2,0,1,2,0,1,1,1,1,1,1,1,2,1,2,1,1,1,1,1,1,1,1,1,2,1,2,1,1,0,2,0,2,0,3,3,1,0,1,1,1,1,2,0,1,1,2,0
1,2,1,0,1,2,1,0,2,0,1,2,1,2,1,1,2,1,0,1,0,1,2,1,4,1,2,1,1,1,1,2,2,1,1,1,1,1,2,0,1,1,0,1,2,1,2,2,1,1,1,0,0,2,1,2,1,1,2,0
1,1,0,2,3,0,0,2,0,1,1,0,1,2,2,1,1,2,1,0,2,1,1,2,5,0,0,0,0,3,2,3,3,2,0,2,3,1,2,1,2,2,2,0,3,2,2,1,1,2,1,2,0,1,1,2,1,0,0,1
1,0,1,0,0,0,0,0,1,0,0,1,1,1,1,0,1,1,0,1,1,0,0,0,2,0,1,1,0,1,2,1,1,1,1,1,0,0,1,0,1,1,1,1,1,0,1,1,1,1,0,0,0,1,0,1,0,0,0,0
1,1,1,2,1,1,1,1,1,0,0,0,0,0,1,1,0,1,0,1,1,1,0,1,2,1,0,0,0,0,1,1,0,0,0,1,1,0,0,1,1,1,0,0,2,0,2,2,1,1,0,0,0,0,1,0,0,2,1,0
2,0,2,0,1,2,1,2,0,1,0,0,1,1,0,1,1,1,0,1,2,0,2,1,0,2,1,0,0,1,1,0,1,1,1,0,2,1,2,1,1,2,1,1,0,0,1,2,0,1,1,2,0,1,2,1,2,1,2,0
2,1,2,0,0,2,2,1,1,1,0,1,0,2,0,0,1,0,0,0,2,0,1,2,2,1,1,0,1,1,2,1,2,1,1,0,1,2,1,1,1,0,1,0,1,0,1,1,1,1,1,0,1,2,2,1,0,0,2,0
2,0,1,1,3,0,0,2,2,1,0,1,2,0,3,0,0,1,0,0,3,1,2,3,3,1,1,0,0,1,0,2,3,2,1,1,3,0,3,1,2,2,1,1,3,1,1,0,1,1,1,3,0,2,0,1,1,1,1,0
2,1,1,2,2,2,1,1,2,1,1,0,0,3,0,1,1,4,1,0,2,1,2,1,2,1,0,1,1,2,1,2,2,2,0,3,1,1,1,2,2,2,1,2,0,2,1,1,1,3,1,2,0,2,1,2,1,2,2,0
0,1,2,2,1,0,2,1,1,0,1,1,0,0,1,0,1,4,1,1,2,1,3,2,1,1,2,0,0,1,1,0,1,1,2,1,2,3,1,1,1,1,2,1,2,2,2,2,3,1,3,2,0,1,0,1,3,2,2,1
0,1,0,1,2,1,0,2,1,1,0,1,1,0,1,1,0,2,0,1,1,2,1,1,3,0,1,0,1,1,1,1,1,0,0,1,2,1,1,1,1,0,1,0,2,0,2,1,1,0,1,1,0,1,1,2,2,1,0,0
0,3,0,1,4,1,1,1,2,1,1,1,0,1,4,4,2,0,2,1,3,3,1,2,6,1,2,1,1,1,2,3,2,1,2,4,2,1,1,1,2,1,1,0,4,1,4,3,2,1,0,1,0,2,2,1,1,2,1,0
1,1,0,1,1,0,1,0,1,0,0,0,0,0,1,1,0,2,0,1,2,2,2,1,1,0,0,0,0,0,1,1,1,0,1,0,1,0,0,0,0,0,0,1,1,1,1,2,2,1,0,0,0,0,1,0,0,0,0,0
0,0,1,1,0,1,1,1,0,1,1,1,0,0,0,1,1,1,1,0,0,1,1,0,0,0,1,0,0,1,1,0,0,1,0,1,0,1,0,0,0,0,1,0,0,0,2,0,0,0,2,0,0,0,0,1,1,1,1,0
1,2,0,1,3,1,1,0,2,1,1,2,2,3,2,2,1,3,2,0,0,2,0,2,5,0,1,1,1,2,2,3,3,2,1,3,1,1,2,1,1,2,1,1,2,2,2,2,1,1,0,1,0,1,1,1,1,2,0,0
1,2,0,2,2,2,1,1,1,0,1,0,0,1,1,1,2,3,2,1,2,0,1,1,3,0,0,0,0,1,2,2,1,1,0,2,2,2,0,1,1,0,1,1,1,1,3,2,2,1,1,2,0,1,1,1,2,2,2,1
2,3,1,1,1,4,1,2,1,0,0,2,1,2,2,3,1,1,2,1,0,1,0,0,4,2,2,1,1,0,3,2,3,1,2,1,0,2,3,1,0,1,1,1,2,1,3,4,1,2,2,1,0,2,3,1,1,2,3,0
2,1,1,1,1,1,1,1,2,0,1,1,2,3,1,2,1,2,1,0,2,1,0,0,4,0,1,1,2,2,1,2,3,3,1,2,1,0,2,1,1,1,1,1,1,1,1,2,0,1,0,1,0,1,1,2,2,2,1,0
4,2,3,3,5,1,2,4,5,2,2,0,2,3,2,1,3,6,1,0,5,3,4,4,0,2,0,2,2,4,3,3,5,4,0,3,5,4,3,2,3,3,4,3,3,3,4,1,2,2,4,4,1,2,0,4,4,3,2,1
1,1,1,1,1,1,1,1,0,0,1,2,1,1,1,1,0,1,0,0,0,0,2,0,2,0,1,1,0,0,1,0,1,0,1,0,0,1,1,0,0,1,0,0,2,1,2,1,2,1,2,1,0,1,1,1,1,1,3,1
1,1,1,0,2,2,2,2,0,1,0,1,1,1,0,2,1,2,0,1,1,0,2,1,0,1,0,0,1,1,1,0,2,0,1,0,1,1,4,1,0,2,1,0,0,0,2,2,1,1,2,2,0,2,2,2,2,2,2,0
1,0,0,0,1,0,1,1,0,1,0,0,0,0,1,0,0,1,0,0,1,0,1,1,2,1,0,0,1,1,0,0,1,1,1,0,1,0,1,0,0,2,0,0,0,0,0,0,1,1,1,1,1,0,0,2,0,1,1,0
1,0,0,0,1,1,1,1,0,0,0,0,1,0,1,0,1,1,0,0,1,0,1,2,2,0,1,1,0,1,0,1,2,1,0,1,1,0,1,1,1,1,0,1,1,1,0,0,0,1,1,1,0,1,1,1,0,0,1,0
1,2,0,0,2,1,1,1,3,1,0,1,1,1,2,1,1,1,0,1,2,1,0,2,4,0,1,1,1,0,2,2,2,1,1,2,2,0,2,1,1,1,1,1,1,1,2,2,1,1,0,1,0,1,1,2,0,0,1,1
0,1,1,1,3,0,1,1,2,2,1,1,2,0,1,1,1,2,1,1,2,2,3,1,3,1,1,0,0,2,0,2,1,1,1,2,2,2,1,1,1,1,2,1,1,1,2,1,2,1,2,2,0,1,1,2,1,1,2,1
2,2,1,2,4,1,1,2,3,1,1,0,1,2,2,0,1,3,1,0,3,2,2,2,3,0,0,0,1,2,2,0,3,1,0,2,2,2,2,2,2,2,1,1,2,1,3,2,2,2,3,2,0,0,0,2,1,1,1,0
2,1,2,1,4,1,1,2,3,1,0,1,2,3,2,1,1,2,1,0,3,1,3,3,5,1,2,1,2,2,1,3,0,2,2,2,2,1,4,1,2,2,1,1,3,2,1,1,0,2,2,2,1,3,0,2,1,1,3,0
1,1,0,1,3,0,1,1,2,1,0,1,1,2,2,1,0,1,0,1,2,1,1,3,4,0,0,1,1,1,1,1,2,0,0,1,3,0,2,1,2,2,1,0,3,1,2,0,1,1,0,2,2,1,0,1,0,1,1,0
1,1,2,0,1,1,1,1,0,1,0,1,1,1,0,2,0,2,1,0,1,0,2,1,0,1,1,1,0,1,1,0,2,0,0,1,1,1,2,1,0,1,1,2,0,0,1,1,1,1,2,1,0,2,1,1,1,1,2,0
1,2,1,2,3,2,1,1,2,1,1,0,0,1,3,1,1,4,0,1,3,2,1,2,3,0,0,0,1,2,2,2,2,1,1,0,2,1,0,1,1,0,1,1,2,1,2,2,2,1,1,2,0,1,1,1,1,2,2,0
1,2,0,1,1,2,2,1,3,0,1,2,1,3,1,2,2,2,1,0,1,2,0,1,5,0,1,1,1,2,2,2,2,3,1,2,0,1,2,1,1,2,2,1,1,2,2,2,0,2,1,1,1,2,1,2,1,2,1,0
2,2,0,2,0,2,1,1,1,0,0,1,2,0,1,3,1,1,0,1,1,2,2,0,4,1,1,0,0,0,2,2,1,0,1,1,1,0,2,0,1,2,0,2,3,1,4,4,3,1,1,1,1,1,3,0,3,3,3,0
2,1,3,1,2,2,2,2,2,1,0,2,1,3,1,1,1,1,0,0,2,0,3,2,3,1,4,1,1,2,1,2,4,2,2,0,2,2,0,0,1,2,1,1,1,0,2,2,1,1,3,1,0,3,1,2,1,0,3,1
0,0,0,0,0,1,1,0,1,0,1,1,1,1,2,1,1,1,0,0,1,1,1,1,2,0,1,0,1,1,1,2,1,1,1,1,1,0,0,0,0,2,1,0,2,1,2,1,1,1,0,0,1,1,1,1,1,1,1,0
0,0,0,1,1,0,1,1,2,1,1,1,1,2,2,1,1,2,0,0,1,1,0,1,3,0,0,0,1,1,1,2,2,2,0,1,1,1,1,0,0,1,2,1,1,1,1,0,0,1,1,0,0,1,1,1,1,1,0,0
1,1,2,2,1,1,0,1,2,1,1,2,0,2,2,1,0,1,0,0,2,0,1,1,3,1,2,2,1,1,1,2,2,2,1,0,2,2,2,2,1,0,1,0,2,0,2,1,2,0,2,1,0,1,1,0,1,1,2,0
2,2,2,1,1,3,2,0,2,1,0,1,1,1,1,2,1,1,0,1,1,1,1,1,4,0,1,0,0,1,2,1,1,1,1,1,2,0,1,1,2,1,0,0,2,0,4,2,2,0,1,0,0,2,2,0,1,1,3,0
0,1,0,1,2,0,0,1,0,1,0,1,0,1,2,1,0,0,1,0,1,1,1,1,3,0,0,0,1,1,1,1,1,0,2,1,1,2,1,0,1,0,0,0,2,0,2,2,1,0,0,1,1,0,1,0,1,1,0,0
2,1,2,3,2,0,2,2,3,1,2,0,1,3,0,2,2,4,1,0,2,1,2,1,3,2,0,0,1,1,1,2,3,3,0,2,1,3,1,2,1,2,2,2,0,2,1,2,1,2,3,2,1,1,1,3,2,3,2,0
0,1,0,1,2,2,0,1,2,0,0,0,0,1,2,2,0,1,1,0,2,1,1,1,3,1,0,0,1,1,1,1,2,1,0,1,2,1,0,1,1,0,0,0,2,0,2,3,1,0,0,1,0,0,1,0,0,1,1,0
0,2,2,3,2,2,3,2,2,1,2,1,1,1,1,2,2,4,1,2,2,3,3,1,4,2,2,0,0,2,2,3,1,2,1,2,2,4,2,2,1,2,4,2,1,2,0,2,3,1,4,2,0,0,2,2,2,3,4,1
1,1,2,2,3,0,3,2,1,1,2,2,1,0,1,2,1,3,2,0,2,2,4,2,1,1,2,0,0,2,1,2,1,0,1,2,2,4,2,1,0,1,2,2,2,3,2,0,2,1,3,2,0,2,0,3,2,1,3,1
1,1,1,2,2,1,1,1,1,1,1,0,1,1,1,3,1,2,2,0,1,2,1,0,2,2,1,1,0,1,2,2,0,1,1,2,0,3,1,1,0,2,2,1,1,1,3,2,0,1,2,1,1,0,2,1,2,2,2,0
0,2,0,1,2,0,0,1,2,1,1,1,1,1,3,1,0,1,1,0,1,1,2,1,2,1,1,1,1,1,1,2,2,1,1,1,2,1,1,1,1,0,0,0,2,0,1,1,1,0,0,1,0,2,1,1,0,0,0,0
1,3,2,1,0,3,1,1,1,0,0,1,1,1,1,3,1,0,0,2,0,1,2,0,4,2,2,1,1,0,2,3,2,0,2,1,1,1,3,0,1,2,1,0,3,0,4,3,2,0,0,1,1,2,3,1,2,3,4,0
1,2,1,0,1,2,1,0,2,0,0,2,0,3,2,2,1,1,0,0,1,2,1,1,4,1,2,1,1,1,2,2,2,2,1,2,1,1,1,0,0,1,0,1,2,1,2,2,1,1,1,0,0,2,1,1,1,1,2,0
0,0,1,1,0,0,1,0,0,0,0,0,1,0,0,0,0,0,0,0,0,0,0,0,1,0,0,1,0,0,0,0,1,2,0,0,1,1,0,1,0,0,0,1,1,0,0,0,1,0,1,0,0,0,0,0,0,0,0,0
2,1,1,0,2,2,1,2,1,1,0,1,2,2,2,1,1,2,0,0,1,1,2,1,2,1,2,0,1,1,1,0,3,1,2,1,2,1,3,1,1,1,2,0,1,0,0,2,0,2,2,2,0,0,1,1,1,1,2,0
0,0,2,2,1,2,2,1,1,0,1,2,2,0,1,0,1,2,1,0,1,1,3,1,0,1,2,0,1,1,1,0,0,0,1,1,1,3,1,1,1,1,2,1,1,1,2,0,2,1,3,1,0,1,0,2,2,1,3,1
1,2,0,1,2,2,0,2,2,1,0,1,1,1,2,1,2,1,0,1,1,1,1,2,4,1,2,2,1,2,2,2,2,1,1,1,2,0,2,1,1,0,0,0,3,0,2,3,1,1,1,1,0,1,2,0,0,1,2,0
0,1,1,2,1,2,1,1,1,0,0,2,0,1,1,3,2,1,0,1,1,2,1,2,4,1,2,0,0,0,1,1,1,0,1,1,1,3,1,1,1,1,1,1,2,0,2,2,2,0,2,1,0,1,2,0,0,1,2,1
0,1,2,1,1,2,1,1,0,0,2,1,0,1,2,2,1,2,0,1,2,2,2,2,3,1,2,1,0,0,1,1,1,1,1,2,2,3,0,1,1,1,1,1,3,1,3,1,2,0,3,1,0,1,1,1,1,0,3,1
2,1,1,2,0,3,2,2,0,0,1,2,2,1,2,2,0,1,0,1,0,2,3,1,2,3,2,1,1,1,2,1,3,1,2,2,1,3,3,1,0,2,3,0,2,1,4,3,2,0,4,2,0,2,3,2,2,3,0,1
1,1,0,0,0,0,0,0,1,0,0,0,0,0,0,1,0,0,0,0,0,1,0,0,1,1,0,0,0,1,1,0,0,0,0,0,0,0,1,0,0,0,0,0,0,0,1,1,0,0,0,0,0,0,1,0,1,1,1,0
