75
6,3,60,20,50,19,53,73,17,4,33,9,72,71,44,42,69,70,21,4,68,46,23,44,33,64,62,51,51,43,11,22,29,8,40,26,37,75,28,17,29,12,23,28,64,50,61,64,25,27,53,51,34,59,48,47,69,73,29,66,22,56,56,52,41,17,21,20,38,16,74,51,59,4,45
0,1,4,2,1,0,2,2,0,1,1,4,2,1,1,0,2,1,3,0,2,2,0,2,1,1,1,1,1,1,1,2,1,2,1,0,2,0,0,2,2,1,1,1,2,1,0,1,0,0,1,1,2,2,2,0,1,0,1,0,1,1,1,0,1,2,0,2,0,2,2,1,1,1,1
1,0,1,1,1,0,0,1,0,0,0,0,1,0,0,0,1,1,2,0,0,0,1,1,0,2,0,2,0,1,0,0,0,0,0,0,1,0,0,1,1,1,1,0,1,0,0,1,0,0,1,0,0,2,2,0,1,0,0,2,0,1,0,0,1,0,0,0,0,0,0,0,0,0,0
4,1,0,6,3,1,6,6,1,5,3,12,5,1,4,2,7,4,9,2,5,5,2,9,3,4,5,3,3,4,6,6,3,6,4,2,7,1,3,4,4,6,5,4,6,2,1,3,2,2,4,3,7,4,8,4,3,2,2,2,2,6,3,0,4,6,1,6,2,4,8,3,3,4,4
2,1,6,0,1,0,3,3,1,2,1,5,3,1,2,0,3,1,4,1,2,1,1,3,1,1,2,2,1,2,3,2,2,3,2,1,3,1,1,0,2,2,2,2,3,1,0,1,0,0,2,1,3,1,2,1,0,2,1,1,1,3,1,0,3,2,1,2,2,2,4,2,2,1,2
1,1,3,1,0,2,1,1,1,2,1,3,1,0,1,0,2,1,2,1,2,2,0,2,1,1,1,0,1,1,2,1,1,2,2,0,2,0,1,2,2,1,1,0,2,0,1,1,1,1,2,1,1,0,2,0,0,0,0,0,0,2,0,0,0,2,1,2,0,0,2,1,1,1,2
0,0,1,0,2,0,1,2,0,0,1,1,1,1,1,0,2,1,1,0,1,0,1,2,0,0,1,0,1,1,0,0,1,1,2,1,1,0,0,2,2,1,1,2,0,0,0,0,1,0,0,1,1,0,2,1,0,0,0,0,0,1,0,0,1,0,0,1,0,1,2,0,0,2,0
2,0,6,3,1,1,0,2,0,2,2,5,2,1,2,1,3,3,4,0,3,3,2,4,2,3,1,2,1,2,2,2,1,3,2,0,4,1,2,2,3,1,1,1,2,0,1,2,1,2,2,2,3,1,5,2,1,1,1,1,1,2,2,1,2,3,0,2,1,1,4,1,1,3,2
2,1,6,3,1,2,2,0,1,2,2,5,1,0,2,1,2,3,3,1,4,4,1,4,2,3,2,2,0,2,2,2,1,2,2,1,3,1,2,3,3,1,2,0,2,0,1,2,1,2,2,0,2,1,4,1,2,0,1,1,0,2,2,1,1,4,0,2,0,2,4,1,1,4,3
0,0,1,1,1,0,0,1,0,0,0,1,1,0,0,0,1,0,1,0,0,0,0,1,1,0,0,1,1,0,0,1,1,0,0,0,1,0,0,0,0,0,0,1,0,0,0,0,0,0,0,0,0,0,0,0,1,0,0,0,0,0,1,0,0,0,0,0,0,0,0,0,1,1,0
1,0,5,2,2,0,2,2,0,0,2,4,2,0,1,0,3,1,3,0,1,1,0,2,1,1,2,0,0,1,1,2,1,2,1,1,3,1,1,1,2,1,2,1,2,1,0,1,0,1,1,1,2,1,3,1,2,0,0,1,1,2,1,0,1,3,2,2,0,2,2,1,0,1,3
1,0,3,1,1,1,2,2,0,2,0,3,2,1,0,1,1,2,3,1,3,2,2,2,2,2,0,1,0,0,1,0,0,1,0,0,3,0,1,1,1,2,1,1,1,0,1,1,2,1,1,0,1,0,3,1,1,0,0,0,1,2,1,0,0,2,1,2,0,1,3,1,1,1,2
4,0,12,5,3,1,5,5,1,4,3,0,5,2,5,3,6,6,8,2,5,5,3,10,4,5,4,2,2,4,5,5,2,6,4,2,8,2,3,4,5,6,4,4,5,2,1,2,2,3,4,3,6,3,8,4,4,0,3,1,2,6,3,1,3,6,1,6,2,3,9,2,3,5,5
2,1,5,3,1,1,2,1,1,2,2,5,0,0,2,2,3,2,3,0,3,2,1,4,2,2,2,1,0,1,2,2,2,2,2,0,3,0,1,1,2,1,2,1,2,0,1,2,1,1,1,0,3,1,3,2,2,0,1,0,1,3,2,0,1,3,0,3,0,2,5,1,1,2,2
1,0,1,1,0,1,1,0,0,0,1,2,0,0,1,0,0,2,1,1,1,1,1,2,1,1,1,0,0,1,0,1,0,1,1,0,1,0,1,1,1,0,0,1,0,0,0,1,1,1,1,0,0,0,2,1,1,0,1,0,0,0,0,0,0,1,0,1,0,1,2,0,0,2,1
1,0,4,2,1,1,2,2,0,1,0,5,2,1,0,1,1,3,2,0,3,1,1,3,2,2,1,0,0,1,2,2,0,3,1,1,3,1,1,2,1,1,1,1,1,1,1,1,1,1,1,1,2,0,4,2,2,0,1,0,1,2,1,0,1,2,0,3,0,2,3,1,2,2,2
0,0,2,0,0,0,1,1,0,0,1,3,2,0,1,0,1,0,2,0,1,1,0,2,1,0,1,0,0,1,1,1,1,2,0,0,1,0,0,0,1,1,1,1,1,0,0,0,0,0,1,0,1,0,1,1,0,0,0,0,0,1,1,0,1,0,0,1,0,0,1,1,0,0,1
2,1,7,3,2,2,3,2,1,3,1,6,3,0,1,1,0,4,3,1,4,4,1,6,3,4,1,1,1,2,3,2,1,3,2,1,5,1,2,3,2,1,2,0,2,1,1,2,1,2,3,1,2,2,5,1,2,0,1,1,0,2,2,0,1,5,0,3,0,2,5,1,2,4,3
1,1,4,1,1,1,3,3,0,1,2,6,2,2,3,0,4,0,4,1,2,1,1,3,1,0,3,1,2,2,2,3,1,3,2,1,3,0,1,0,2,4,3,3,3,2,0,0,1,1,0,2,4,1,2,2,1,1,1,1,2,4,0,1,3,1,0,1,1,1,3,2,1,1,1
3,2,9,4,2,1,4,3,1,3,3,8,3,1,2,2,3,4,0,2,4,3,2,6,2,4,2,3,2,2,3,3,1,5,2,1,5,1,2,2,3,2,3,2,2,1,2,2,3,2,3,2,3,2,5,3,2,0,1,1,1,3,2,1,2,4,1,3,2,3,6,1,3,4,3
0,0,2,1,1,0,0,1,0,0,1,2,0,1,0,0,1,1,2,0,1,0,1,1,1,2,1,0,0,0,0,0,0,0,1,1,1,0,0,1,1,0,1,1,0,1,0,0,0,0,1,0,1,0,2,0,1,0,0,0,1,2,1,0,1,1,0,0,0,0,1,1,0,1,1
2,0,5,2,2,1,3,4,0,1,3,5,3,1,3,1,4,2,4,1,0,0,1,4,1,1,2,1,2,2,3,2,1,3,3,1,3,1,1,1,2,2,3,2,3,1,1,0,0,1,2,2,3,1,3,2,2,1,1,1,1,3,1,0,2,2,0,2,1,2,3,1,1,1,2
2,0,5,1,2,0,3,4,0,1,2,5,2,1,1,1,4,1,3,0,0,0,1,3,1,1,2,2,0,2,1,2,1,3,1,1,3,1,1,0,1,3,3,2,3,1,0,0,1,0,1,1,3,1,3,2,1,0,0,0,1,4,1,0,2,1,0,3,0,2,3,1,1,2,2
0,1,2,1,0,1,2,1,0,0,2,3,1,1,1,0,1,1,2,1,1,1,0,1,1,1,1,1,0,1,0,0,0,0,1,0,2,0,0,2,2,1,1,1,1,1,0,1,2,2,0,1,1,0,1,1,1,0,0,1,1,2,0,1,0,1,0,1,1,1,2,1,0,1,1
2,1,9,3,2,2,4,4,1,2,2,10,4,2,3,2,6,3,6,1,4,3,1,0,1,3,5,2,3,3,4,4,2,4,3,2,5,1,3,1,3,4,4,3,4,2,1,1,2,1,2,3,5,3,6,3,3,1,2,2,2,6,2,1,4,4,1,4,1,4,7,2,2,4,3
1,0,3,1,1,0,2,2,1,1,2,4,2,1,2,1,3,1,2,1,1,1,1,1,0,0,2,1,1,2,1,2,1,2,1,0,1,0,1,1,1,2,2,2,2,1,0,0,1,0,1,1,2,0,2,1,1,0,0,1,1,3,0,0,1,1,0,2,1,1,2,2,1,1,1
1,2,4,1,1,0,3,3,0,1,2,5,2,1,2,0,4,0,4,2,1,1,1,3,0,0,3,1,1,2,2,3,2,2,2,1,2,0,1,1,2,3,3,3,4,1,0,0,0,0,0,2,4,1,3,2,1,1,1,1,1,3,0,1,3,1,1,2,1,1,3,1,1,0,1
1,0,5,2,1,1,1,2,0,2,0,4,2,1,1,1,1,3,2,1,2,2,1,5,2,3,0,2,0,2,2,0,0,2,1,0,3,1,1,1,3,1,1,1,0,0,1,1,2,2,2,2,1,1,3,1,2,0,1,1,1,2,2,0,1,2,1,1,1,1,4,0,2,3,2
1,2,3,2,0,0,2,2,1,0,1,2,1,0,0,0,1,1,3,0,1,2,1,2,1,1,2,0,1,1,1,1,1,1,1,1,2,0,0,2,2,2,1,0,1,2,0,0,2,1,1,0,1,2,1,0,2,0,0,0,0,2,1,0,0,2,0,1,0,1,2,0,1,1,1
1,0,3,1,1,1,1,0,1,0,0,2,0,0,0,0,1,2,2,0,2,0,0,3,1,1,0,1,0,1,0,1,1,1,2,0,1,0,1,0,0,0,1,1,1,0,0,0,0,1,1,0,1,1,1,0,1,0,1,1,0,1,1,1,0,1,0,2,1,1,2,0,0,1,1
1,1,4,2,1,1,2,2,0,1,0,4,1,1,1,1,2,2,2,0,2,2,1,3,2,2,2,1,1,0,2,2,0,1,2,0,2,0,1,2,1,0,1,0,1,0,0,1,2,2,1,0,1,1,4,1,1,0,1,0,0,2,1,0,2,3,1,3,0,1,2,0,1,2,2
1,0,6,3,2,0,2,2,0,1,1,5,2,0,2,1,3,2,3,0,3,1,0,4,1,2,2,1,0,2,0,1,1,2,1,0,4,1,1,2,1,2,2,1,2,0,0,1,1,1,2,2,2,2,4,1,2,0,1,1,0,2,1,0,2,3,0,3,1,2,3,1,1,3,2
2,0,6,2,1,0,2,2,1,2,0,5,2,1,2,1,2,3,3,0,2,2,0,4,2,3,0,1,1,2,1,0,0,2,1,0,3,1,3,1,1,1,1,2,2,1,1,1,2,1,2,2,2,2,4,1,1,0,2,1,0,2,2,0,2,2,0,2,1,1,4,1,2,4,2
1,0,3,2,1,1,1,1,1,1,0,2,2,0,0,1,1,1,1,0,1,1,0,2,1,2,0,1,1,0,1,0,0,1,0,0,2,1,1,2,1,0,0,0,1,0,0,0,1,2,1,1,0,0,2,1,1,0,1,1,0,1,2,0,1,2,0,2,1,1,2,0,0,2,1
2,0,6,3,2,1,3,2,0,2,1,6,2,1,3,2,3,3,5,0,3,3,0,4,2,2,2,1,1,1,2,2,1,0,3,1,3,1,1,3,2,3,2,2,4,1,1,1,1,1,1,2,4,2,5,2,2,0,2,0,1,4,1,0,3,3,0,3,0,2,5,1,2,3,3
1,0,4,2,2,2,2,2,0,1,0,4,2,1,1,0,2,2,2,1,3,1,1,3,1,2,1,1,2,2,1,1,0,3,0,0,3,0,1,1,2,2,2,0,2,1,1,1,2,1,1,1,1,1,3,2,2,0,0,1,0,2,1,0,2,2,0,2,1,1,3,2,1,3,1
0,0,2,1,0,1,0,1,0,1,0,2,0,0,1,0,1,1,1,1,1,1,0,2,0,1,0,1,0,0,0,0,0,1,0,0,2,0,0,1,1,1,0,1,0,0,0,1,1,0,0,1,0,0,2,1,0,0,0,0,0,0,0,0,1,1,0,0,0,0,1,0,1,1,0
2,1,7,3,2,1,4,3,1,3,3,8,3,1,3,1,5,3,5,1,3,3,2,5,1,2,3,2,1,2,4,3,2,3,3,2,0,0,1,2,3,3,3,2,4,1,2,1,1,2,2,2,4,2,4,3,2,1,1,2,2,5,1,0,2,4,0,3,1,2,5,2,2,2,3
0,0,1,1,0,0,1,1,0,1,0,2,0,0,1,0,1,0,1,0,1,1,0,1,0,0,1,0,0,0,1,1,1,1,0,0,0,0,0,1,0,1,1,0,1,0,0,0,1,0,0,0,0,0,0,0,0,0,0,0,0,1,0,0,1,0,1,0,0,0,0,0,0,0,0
0,0,3,1,1,0,2,2,0,1,1,3,1,1,1,0,2,1,2,0,1,1,0,3,1,1,1,0,1,1,1,3,1,1,1,0,1,0,0,0,1,2,2,1,2,1,0,0,0,0,0,1,2,1,3,1,1,0,1,0,0,2,0,0,1,2,0,1,0,0,3,1,1,0,1
2,1,4,0,2,2,2,3,0,1,1,4,1,1,2,0,3,0,2,1,1,0,2,1,1,1,1,2,0,2,2,1,2,3,1,1,2,1,0,0,2,3,2,2,2,2,0,0,0,1,0,1,2,0,1,1,2,1,1,1,1,2,1,0,3,0,0,2,2,1,1,2,1,1,1
2,1,4,2,2,2,3,3,0,2,1,5,2,1,1,1,2,2,3,1,2,1,2,3,1,2,3,2,0,1,1,1,1,2,2,1,3,0,1,2,0,2,1,1,1,1,1,1,2,1,1,2,2,1,3,3,2,1,1,1,1,3,1,1,2,2,0,1,1,2,3,1,1,2,1
1,1,6,2,1,1,1,1,0,1,2,6,1,0,1,1,1,4,2,0,2,3,1,4,2,3,1,2,0,0,2,1,0,3,2,1,3,1,2,3,2,0,0,1,0,0,2,2,2,2,2,1,1,1,4,1,1,0,1,1,0,2,2,0,1,3,0,3,1,2,5,0,1,3,3
1,1,5,2,1,1,1,2,0,2,1,4,2,0,1,1,2,3,3,1,3,3,1,4,2,3,1,1,1,1,2,1,0,2,2,0,3,1,2,2,1,0,0,0,1,0,1,2,1,1,2,1,2,1,4,1,1,0,1,1,0,2,2,0,1,3,1,3,0,2,4,1,1,3,2
1,0,4,2,0,2,1,0,1,1,1,4,1,1,1,1,0,3,2,1,2,2,1,3,2,3,1,0,1,0,1,2,0,2,0,1,2,0,1,2,1,1,0,0,1,0,1,1,1,2,2,0,0,0,3,1,2,0,1,0,0,2,1,0,1,2,1,1,0,2,4,0,1,3,2
2,1,6,3,2,0,2,2,0,2,1,5,2,0,1,1,2,3,2,0,3,3,1,4,2,4,0,1,1,1,2,2,1,4,2,0,4,1,2,2,1,0,1,1,0,0,1,2,1,2,3,1,2,2,4,1,1,1,1,3,1,1,3,0,1,3,1,2,1,2,4,1,2,3,3
1,0,2,1,0,0,0,0,0,1,0,2,0,0,1,0,1,2,1,1,1,1,1,2,1,1,0,2,0,0,0,1,0,1,1,0,1,0,1,2,1,0,0,0,0,0,0,0,1,1,1,0,0,2,2,0,1,0,1,0,0,0,1,0,0,1,0,0,0,1,2,1,0,1,1
0,0,1,0,1,0,1,1,0,0,1,1,1,0,1,0,1,0,2,0,1,0,0,1,0,0,1,0,0,0,0,1,0,1,1,0,2,0,0,0,1,2,1,1,1,0,0,0,0,0,0,1,1,1,1,1,0,0,0,0,0,1,0,0,1,1,1,0,0,0,1,0,0,0,0
1,1,3,1,1,0,2,2,0,1,1,2,2,1,1,0,2,0,2,0,0,0,1,1,0,0,1,0,0,1,1,1,0,1,1,1,1,0,0,0,1,2,2,1,2,0,0,0,1,0,0,1,1,0,1,1,2,1,0,2,1,2,0,0,1,1,0,0,0,0,1,1,1,0,0
0,0,2,0,1,1,1,1,0,0,2,2,1,1,1,0,1,1,3,0,0,1,2,2,1,0,2,2,0,2,1,2,1,1,2,1,1,1,0,0,2,2,1,1,1,1,0,1,0,1,0,1,1,0,2,1,2,0,0,1,1,1,0,0,1,0,1,0,0,0,2,1,0,1,1
0,0,2,0,1,0,2,2,0,1,1,3,1,1,1,0,2,1,2,0,1,0,2,1,0,0,2,1,1,2,1,1,2,1,1,0,2,0,0,1,1,2,1,2,2,1,0,0,1,0,0,1,2,1,2,1,2,0,0,2,1,2,0,0,2,0,0,1,1,1,3,1,1,1,0
1,1,4,2,2,0,2,2,0,1,1,4,1,1,1,1,3,0,3,1,2,1,0,2,1,0,2,1,1,1,2,2,1,1,1,0,2,0,0,0,1,2,2,2,3,1,0,0,0,0,0,1,3,1,2,1,2,0,0,1,1,2,0,0,1,2,0,1,1,1,2,1,0,0,2
1,0,3,1,1,1,2,0,0,1,0,3,0,0,1,0,1,2,2,0,2,1,1,3,1,2,2,0,0,0,2,2,1,2,1,1,2,0,1,1,2,1,1,0,1,0,1,1,1,1,1,0,2,1,3,1,1,1,1,0,0,1,1,0,1,2,1,1,0,1,2,0,1,2,1
2,0,7,3,1,1,3,2,0,2,1,6,3,0,2,1,2,4,3,1,3,3,1,5,2,4,1,1,1,1,2,2,0,4,1,0,4,0,2,2,2,1,2,0,2,0,1,1,1,2,3,2,0,2,4,2,2,0,2,1,1,2,2,0,1,3,0,3,1,2,5,1,1,4,3
2,2,4,1,0,0,1,1,0,1,0,3,1,0,0,0,2,1,2,0,1,1,0,3,0,1,1,2,1,1,2,2,0,2,1,0,2,0,1,0,1,1,1,0,2,2,1,0,0,1,1,1,2,0,2,1,1,1,0,1,0,2,1,0,2,2,0,2,0,1,2,0,1,1,1
2,2,8,2,2,2,5,4,0,3,3,8,3,2,4,1,5,2,5,2,3,3,1,6,2,3,3,1,1,4,4,4,2,5,3,2,4,0,3,1,3,4,4,3,4,2,1,1,2,2,2,3,4,2,0,3,2,1,1,1,2,5,1,1,4,2,0,4,1,2,6,2,2,2,2
0,0,4,1,0,1,2,1,0,1,1,4,2,1,2,1,1,2,3,0,2,2,1,3,1,2,1,0,0,1,1,1,1,2,2,1,3,0,1,1,3,1,1,1,1,0,1,1,1,1,1,1,2,1,3,0,1,0,0,0,0,2,1,0,1,2,0,0,0,1,3,0,1,2,3
1,1,3,0,0,0,1,2,1,2,1,4,2,1,2,0,2,1,2,1,2,1,1,3,1,1,2,2,1,1,2,1,1,2,2,0,2,0,1,2,2,1,1,2,1,1,0,2,2,2,2,1,2,1,2,1,0,1,0,1,1,2,1,1,2,1,1,2,1,1,3,2,2,1,1
0,0,2,2,0,0,1,0,0,0,0,0,0,0,0,0,0,1,0,0,1,0,0,1,0,1,0,0,0,0,0,0,0,0,0,0,1,0,0,1,1,0,0,0,1,0,0,1,0,0,0,1,0,1,1,0,1,0,0,0,0,1,0,0,0,1,0,1,0,0,1,0,0,0,1
1,0,2,1,0,0,1,1,0,0,0,3,1,1,1,0,1,1,1,0,1,0,0,2,0,1,1,0,1,1,1,2,1,2,0,0,1,0,1,1,1,1,1,1,1,1,0,0,0,0,0,1,2,0,1,0,0,0,0,0,0,1,0,0,1,1,0,1,0,0,2,0,1,1,0
0,2,2,1,0,0,1,1,0,1,0,1,0,0,0,0,1,1,1,0,1,0,1,2,1,1,1,0,1,0,1,1,1,0,1,0,2,0,0,1,1,1,1,0,3,0,0,2,1,2,1,0,1,1,1,0,1,0,0,0,1,1,0,2,1,2,0,0,0,0,1,0,0,0,0
1,0,2,1,0,0,1,0,0,1,1,2,1,0,1,0,0,2,1,1,1,1,1,2,1,1,1,0,0,0,0,0,0,1,0,0,2,0,0,1,1,0,0,0,1,0,0,1,1,1,1,0,1,0,2,0,1,0,0,1,0,0,1,0,0,2,0,0,0,1,2,0,0,1,1
1,1,6,3,2,1,2,2,0,2,2,6,3,0,2,1,2,4,3,2,3,4,2,6,3,3,2,2,1,2,2,2,1,4,2,0,5,1,2,2,3,2,2,2,1,0,1,2,1,2,2,1,2,2,5,2,2,1,1,1,0,0,2,0,2,3,0,3,0,3,5,1,1,3,3
1,0,3,1,0,0,2,2,1,1,1,3,2,0,1,1,2,0,2,1,1,1,0,2,0,0,2,1,1,1,1,2,2,1,1,0,1,0,0,1,1,2,2,1,3,1,0,0,0,0,0,1,2,1,1,1,1,0,0,0,1,2,0,0,1,1,0,1,0,1,2,1,1,0,1
0,0,0,0,0,0,1,1,0,0,0,1,0,0,0,0,0,1,1,0,0,0,1,1,0,1,0,0,1,0,0,0,0,0,0,0,0,0,0,0,1,0,0,0,0,0,0,0,0,0,0,0,0,0,1,0,1,0,0,2,0,0,0,0,1,0,1,0,0,0,0,0,1,0,0
1,1,4,3,0,1,2,1,0,1,0,3,1,0,1,1,1,3,2,1,2,2,0,4,1,3,1,0,0,2,2,2,1,3,2,1,2,1,1,3,2,1,1,1,1,0,1,1,1,2,1,1,1,2,4,1,2,0,1,1,0,2,1,1,0,3,1,1,0,1,3,0,1,2,1
2,0,6,2,2,0,3,4,0,3,2,6,3,1,2,0,5,1,4,1,2,1,1,4,1,1,2,2,1,3,3,2,2,3,2,1,4,0,2,0,2,3,3,2,3,1,1,1,0,0,2,2,3,2,2,2,1,1,1,2,2,3,1,0,3,0,1,2,0,2,4,2,2,1,2
0,0,1,1,1,0,0,0,0,2,1,1,0,0,0,0,0,0,1,0,0,0,0,1,0,1,1,0,0,1,0,0,0,0,0,0,0,1,0,0,0,0,1,1,1,0,1,0,1,0,0,1,0,0,0,0,1,0,0,0,0,0,0,1,1,1,0,0,0,0,0,0,1,0,0
2,0,6,2,2,1,2,2,0,2,2,6,3,1,3,1,3,1,3,0,2,3,1,4,2,2,1,1,2,3,3,2,2,3,2,0,3,0,1,2,1,3,3,1,2,0,0,0,0,1,1,1,3,2,4,0,2,1,1,0,0,3,1,0,1,2,0,0,1,2,4,0,1,2,3
0,0,2,2,0,0,1,0,0,0,0,2,0,0,0,0,0,1,2,0,1,0,1,1,1,1,1,0,1,0,1,1,1,0,1,0,1,0,0,2,1,1,0,0,1,0,0,0,0,1,1,0,1,0,1,0,1,0,0,0,0,0,0,0,0,0,0,1,0,1,2,0,0,1,1
2,0,4,2,0,1,1,2,0,2,1,3,2,1,2,0,2,1,3,0,2,2,1,4,1,1,1,1,1,1,2,1,1,2,1,0,2,0,0,1,2,2,2,2,2,1,0,0,0,1,1,1,2,1,2,1,1,0,0,0,1,3,1,0,1,2,0,2,1,0,2,1,1,1,2
2,0,8,4,2,2,4,4,0,2,3,9,5,2,3,1,5,3,6,1,3,3,2,7,2,3,4,2,2,2,3,4,2,5,3,1,5,0,3,1,3,5,4,4,4,2,1,1,2,3,2,2,5,2,6,3,3,1,2,1,2,5,2,0,3,4,0,4,2,2,0,2,2,4,4
1,0,3,2,1,0,1,1,0,1,1,2,1,0,1,1,1,2,1,1,1,1,1,2,2,1,0,0,0,0,1,1,0,1,2,0,2,0,1,2,1,0,1,0,1,1,0,1,1,1,1,0,1,0,2,0,2,0,0,0,0,1,1,0,0,2,0,0,0,1,2,0,0,2,2
1,0,3,2,1,0,1,1,1,0,1,3,1,0,2,0,2,1,3,0,1,1,0,2,1,1,2,1,0,1,1,2,0,2,1,1,2,0,1,1,1,1,1,1,2,0,0,1,0,1,0,1,1,1,2,1,2,0,1,0,0,1,1,1,1,2,1,1,0,1,2,0,0,1,2
1,0,4,1,1,2,3,4,1,1,1,5,2,2,2,0,4,1,4,1,1,2,1,4,1,0,3,1,1,2,3,4,2,3,3,1,2,0,0,1,2,3,3,3,3,1,0,0,1,1,0,2,4,1,2,2,1,0,1,0,1,3,0,0,2,1,0,2,1,1,4,2,1,0,1
1,0,4,2,2,0,2,3,0,3,2,5,2,1,2,1,3,1,3,1,2,2,1,3,1,1,2,1,1,2,2,2,1,3,1,0,3,0,1,1,1,3,2,2,3,1,0,0,1,0,2,1,3,1,2,3,1,1,0,0,1,3,1,0,1,2,0,3,1,2,4,2,2,1,0
