70
52,3,33,70,31,54,26,44,42,4,53,45,17,11,58,44,71,14,12,36,61,2,62,50,14,34,58,10,53,64,69,39,40,38,41,10,9,67,39,58,57,20,48,46,59,61,19,33,6,2,63,40,11,39,58,3,57,62,55,66,28,15,59,71,33,2,59,23,29,16
0,1,1,2,1,3,1,0,2,2,3,1,0,2,2,0,1,1,1,1,1,0,3,2,2,0,2,0,2,1,1,2,1,1,2,1,2,2,2,2,3,3,1,0,2,2,1,1,0,0,2,0,1,0,2,0,1,2,1,2,2,0,2,2,0,1,3,1,0,2
1,0,1,1,1,2,1,0,1,2,1,1,2,0,0,0,2,1,1,2,2,0,1,1,1,1,1,1,1,0,0,1,1,0,1,0,0,0,2,2,1,2,0,0,0,0,0,0,2,1,1,0,0,1,1,0,0,1,1,0,2,0,1,0,0,0,1,2,1,1
1,1,0,2,3,3,1,0,0,2,2,2,0,0,2,1,0,1,1,2,3,1,3,0,3,1,1,1,2,0,2,0,2,1,2,2,1,0,3,1,2,3,1,0,4,2,1,2,0,0,1,0,2,0,1,1,1,1,2,3,1,1,1,3,2,2,2,1,0,2
2,1,2,0,2,3,3,1,4,5,1,2,2,2,2,0,3,3,3,2,3,1,3,3,1,3,3,2,1,1,1,2,1,0,3,1,2,2,4,6,3,4,1,1,2,1,1,1,3,3,2,0,0,1,4,2,2,3,2,1,3,1,2,1,2,2,2,5,1,3
1,1,3,2,0,2,2,1,1,2,3,2,0,2,0,0,2,2,1,1,1,0,2,2,1,0,1,0,2,1,1,1,0,1,2,0,1,1,3,3,3,4,1,1,2,2,0,1,2,1,2,1,0,0,1,0,2,1,1,2,2,1,1,3,0,0,1,2,0,2
3,2,3,3,2,0,1,0,2,3,2,0,0,3,0,1,1,1,2,2,2,0,3,2,2,1,3,2,1,1,1,2,2,0,2,2,2,1,3,4,3,3,2,1,2,0,2,0,1,1,2,1,1,2,3,1,0,2,1,3,2,1,3,1,2,1,3,2,0,2
1,1,1,3,2,1,0,0,1,1,2,2,0,2,0,0,1,0,2,1,1,0,1,1,1,1,0,1,1,1,0,0,0,0,2,1,1,2,1,0,1,1,1,1,1,2,1,1,1,1,1,1,1,2,0,2,0,0,2,2,2,1,0,1,2,1,2,1,0,1
0,0,0,1,1,0,0,0,1,1,1,1,0,1,0,0,1,0,0,1,1,1,0,1,0,0,1,1,0,0,0,0,0,0,0,1,1,0,0,2,1,0,0,0,1,0,0,0,0,0,0,0,1,0,0,0,0,0,1,1,1,0,1,0,0,1,0,0,0,0
2,1,0,4,1,2,1,1,0,3,2,1,1,0,0,1,1,1,1,1,2,0,2,0,2,1,0,1,1,0,1,1,0,1,1,1,1,0,3,0,1,3,0,1,1,2,1,2,0,0,1,0,1,0,0,0,0,0,2,1,1,0,0,1,2,1,3,1,0,1
2,2,2,5,2,3,1,1,3,0,3,1,0,2,2,1,1,1,3,1,2,0,2,1,3,1,2,2,1,0,1,1,1,1,2,3,3,1,2,2,1,3,1,0,2,2,2,1,2,2,1,1,2,0,2,0,1,1,2,5,1,1,0,1,2,2,4,1,1,3
3,1,2,1,3,2,2,1,2,3,0,2,2,1,1,0,2,2,1,1,1,0,2,2,1,2,1,1,0,1,1,3,2,0,2,1,1,2,1,4,2,2,2,1,1,1,1,0,1,3,1,1,0,2,3,2,1,2,1,2,2,1,1,0,2,2,1,4,0,1
1,1,2,2,2,0,2,1,1,1,2,0,1,1,2,0,1,1,1,1,0,0,0,2,1,1,0,1,1,0,1,2,1,1,1,2,0,1,3,1,0,0,1,1,2,1,0,2,2,1,0,0,1,1,1,1,0,1,1,3,0,2,0,1,1,2,0,2,1,0
0,2,0,2,0,0,0,0,1,0,2,1,0,1,1,0,0,0,2,1,0,0,0,0,1,1,1,1,0,0,1,0,0,0,1,1,0,1,1,1,0,2,1,1,1,2,0,0,0,0,0,0,1,0,1,0,1,1,1,1,1,1,0,1,0,1,1,0,1,0
2,0,0,2,2,3,2,1,0,2,1,1,1,0,2,1,1,1,1,0,3,0,4,0,2,1,0,2,1,1,2,1,1,1,2,2,1,1,3,1,1,4,1,0,3,0,2,1,2,1,1,0,2,1,0,0,3,0,2,2,1,1,1,1,1,1,1,3,0,3
2,0,2,2,0,0,0,0,0,2,1,2,1,2,0,1,2,1,0,0,1,0,1,1,2,1,1,2,1,0,1,0,1,1,2,2,0,2,2,2,2,1,1,1,1,1,0,2,0,1,1,0,0,0,1,0,1,1,2,4,2,1,1,2,1,1,1,1,1,1
0,0,1,0,0,1,0,0,1,1,0,0,0,1,1,0,0,1,1,0,0,1,0,1,0,0,1,0,0,0,0,0,1,0,1,1,0,1,1,1,1,0,0,0,0,1,0,0,1,0,0,0,0,0,1,0,0,1,1,1,0,0,0,0,0,0,0,1,1,0
1,2,0,3,2,1,1,1,1,1,2,1,0,1,2,0,0,0,1,1,0,0,1,0,1,1,1,1,0,0,0,1,1,1,0,1,1,1,0,1,1,1,0,0,1,2,0,1,1,2,0,1,1,0,2,1,0,1,1,2,0,1,0,1,1,1,1,1,0,1
1,1,1,3,2,1,0,0,1,1,2,1,0,1,1,1,0,0,1,2,1,0,2,2,2,2,0,1,1,1,1,1,0,1,2,2,1,1,1,1,1,1,0,0,3,2,0,1,1,1,0,1,2,1,2,1,0,1,2,4,0,1,0,1,2,1,2,1,0,1
1,1,1,3,1,2,2,0,1,3,1,1,2,1,0,1,1,1,0,2,1,0,1,1,0,1,1,0,0,2,0,2,1,0,1,0,1,0,1,2,1,2,0,0,1,1,0,1,2,1,0,2,0,1,1,0,0,1,0,1,0,1,1,0,1,1,1,2,0,2
1,2,2,2,1,2,1,1,1,1,1,1,1,0,0,0,1,2,2,0,2,0,1,2,0,2,2,0,0,1,0,2,0,0,1,0,1,0,2,2,1,3,1,0,0,1,0,0,1,2,1,0,1,0,1,0,0,1,1,0,1,0,1,0,1,1,1,3,0,2
1,2,3,3,1,2,1,1,2,2,1,0,0,3,1,0,0,1,1,2,0,0,2,2,0,1,2,1,2,1,0,2,0,0,1,2,2,1,1,2,2,2,1,1,1,0,1,0,1,1,2,1,1,1,2,0,0,2,2,3,0,1,1,0,2,1,2,1,1,2
0,0,1,1,0,0,0,1,0,0,0,0,0,0,0,1,0,0,0,0,0,0,1,1,0,0,1,0,0,0,0,0,0,0,0,0,0,0,0,0,0,0,0,0,0,0,0,1,0,0,0,0,0,0,0,0,0,0,0,1,0,0,0,0,1,1,0,0,0,0
3,1,3,3,2,3,1,0,2,2,2,0,0,4,1,0,1,2,1,1,2,1,0,3,1,2,1,1,2,2,1,2,0,0,2,3,3,2,2,2,2,3,2,0,2,0,2,0,0,0,2,1,1,1,2,1,0,1,1,3,1,0,2,2,1,1,4,1,0,2
2,1,0,3,2,2,1,1,0,1,2,2,0,0,1,1,0,2,1,2,2,1,3,0,2,1,1,1,2,0,1,1,1,1,2,1,1,0,3,2,1,3,1,0,2,2,0,1,0,0,1,0,2,0,1,0,1,1,1,2,2,0,1,2,1,1,1,1,0,1
2,1,3,1,1,2,1,0,2,3,1,1,1,2,2,0,1,2,0,0,0,0,1,2,0,0,2,2,2,1,1,1,1,0,2,1,2,2,2,4,3,2,2,0,0,1,0,1,1,0,1,1,1,1,3,2,1,2,0,2,2,0,1,2,1,1,1,2,2,1
0,1,1,3,0,1,1,0,1,1,2,1,1,1,1,0,1,2,1,2,1,0,2,1,0,0,0,1,2,1,1,1,1,0,1,0,0,0,3,1,0,3,1,1,1,0,1,0,2,0,1,0,0,0,1,1,0,1,1,2,1,0,1,2,0,0,2,2,1,1
2,1,1,3,1,3,0,1,0,2,1,0,1,0,1,1,1,0,1,2,2,1,1,1,2,0,0,1,1,0,1,1,1,1,0,2,2,0,2,1,0,2,0,0,0,1,1,1,1,0,1,0,3,1,1,0,1,0,0,2,1,1,0,0,2,0,3,1,0,2
0,1,1,2,0,2,1,1,1,2,1,1,1,2,2,0,1,1,0,0,1,0,1,1,2,1,1,0,1,1,2,0,1,0,2,1,1,2,2,2,1,1,2,0,2,1,0,1,1,0,1,0,2,0,1,0,1,1,1,2,1,1,0,1,1,1,1,1,0,1
2,1,2,1,2,1,1,0,1,1,0,1,0,1,1,0,0,1,0,0,2,0,2,2,2,2,1,1,0,0,0,0,1,0,1,2,3,3,0,1,1,1,1,1,1,1,1,0,1,0,0,0,2,2,1,1,1,1,1,2,0,0,0,0,2,0,2,0,0,1
1,0,0,1,1,1,1,0,0,0,1,0,0,1,0,0,0,1,2,1,1,0,2,0,1,1,0,1,0,0,0,2,0,0,1,0,0,0,1,1,1,2,1,0,1,0,0,1,1,1,1,0,0,0,0,1,1,0,1,1,1,0,0,0,1,0,1,2,2,0
1,0,2,1,1,1,0,0,1,1,1,1,1,2,1,0,0,1,0,0,0,0,1,1,1,1,1,2,0,0,0,0,1,0,1,2,1,1,1,2,1,0,0,0,2,1,1,0,1,0,0,0,1,1,1,1,1,1,0,3,0,0,0,0,1,2,1,0,1,0
2,1,0,2,1,2,0,0,1,1,3,2,0,1,0,0,1,1,2,2,2,0,2,1,1,1,1,0,0,2,0,0,0,0,0,1,0,1,2,1,0,2,1,1,1,1,1,1,2,1,1,0,0,1,0,1,0,1,0,1,1,1,1,0,1,0,2,1,1,1
1,1,2,1,0,2,0,0,0,1,2,1,0,1,1,1,1,0,1,0,0,0,0,1,1,1,1,1,1,0,1,0,0,1,1,0,1,2,2,1,2,2,0,0,1,2,0,1,0,1,1,0,0,0,0,0,0,1,1,1,1,1,1,2,0,0,2,0,0,1
1,0,1,0,1,0,0,0,1,1,0,1,0,1,1,0,1,1,0,0,0,0,0,1,0,0,1,0,0,0,0,0,1,0,1,1,1,1,2,1,1,0,0,1,1,0,0,0,1,0,0,0,0,0,1,0,0,1,0,2,1,0,1,0,1,0,1,1,1,0
2,1,2,3,2,2,2,0,1,2,2,1,1,2,2,1,0,2,1,1,1,0,2,2,2,1,0,2,1,1,1,0,1,1,0,3,1,2,2,1,1,3,2,1,3,2,1,1,1,0,1,2,2,1,2,1,1,1,1,6,1,2,0,2,1,3,2,1,0,2
1,0,2,1,0,2,1,1,1,3,1,2,1,2,2,1,1,2,0,0,2,0,3,1,1,0,2,1,2,0,2,1,0,1,3,0,0,2,4,4,3,3,1,0,4,2,1,2,2,0,1,0,1,0,2,1,1,3,2,4,2,1,2,3,0,1,1,2,1,1
2,0,1,2,1,2,1,1,1,3,1,0,0,1,0,0,1,1,1,1,2,0,3,1,2,0,2,1,3,0,1,0,1,1,1,0,0,1,3,4,3,3,1,0,1,2,0,1,0,0,1,0,1,0,2,0,0,2,0,2,1,0,1,2,1,0,1,2,1,2
2,0,0,2,1,1,2,0,0,1,2,1,1,1,2,1,1,1,0,0,1,0,2,0,2,0,0,2,3,0,1,1,2,1,2,2,1,0,2,1,1,2,1,0,2,2,0,2,2,0,1,0,2,0,1,1,1,1,2,5,1,1,1,2,2,1,1,1,0,2
2,2,3,4,3,3,1,0,3,2,1,3,1,3,2,1,0,1,1,2,1,0,2,3,2,3,2,2,0,1,1,2,2,2,2,4,3,2,0,3,1,2,1,1,2,1,1,2,2,2,0,1,2,1,4,1,1,3,2,6,0,2,1,1,4,3,4,2,0,1
2,2,1,6,3,4,0,2,0,2,4,1,1,1,2,1,1,1,2,2,2,0,2,2,4,1,1,2,1,1,2,1,1,1,1,4,4,1,3,0,0,2,0,0,3,2,1,2,1,2,1,1,3,1,2,2,2,1,3,4,1,1,0,2,3,2,5,3,0,2
3,1,2,3,3,3,1,1,1,1,2,0,0,1,2,1,1,1,1,1,2,0,2,1,3,0,0,1,1,1,1,0,2,1,1,3,3,1,1,0,0,1,0,0,1,1,1,0,2,1,1,0,2,1,2,1,1,1,1,3,1,0,0,1,2,1,3,1,0,1
3,2,3,4,4,3,1,0,3,3,2,0,2,4,1,0,1,1,2,3,2,0,3,3,2,3,2,1,1,2,0,2,2,0,3,3,3,2,2,2,1,0,2,0,1,2,1,1,1,2,2,2,1,2,4,2,0,2,1,3,2,0,1,1,2,2,3,2,0,2
1,0,1,1,1,2,1,0,0,1,2,1,1,1,1,0,0,0,0,1,1,0,2,1,2,1,0,2,1,1,0,1,0,0,2,1,1,1,1,0,0,2,0,0,3,1,0,0,1,1,1,0,2,1,1,1,1,1,0,3,0,0,1,1,1,2,1,1,0,1
0,0,0,1,1,1,1,0,1,0,1,1,1,0,1,0,0,0,0,0,1,0,0,0,0,1,0,0,1,0,0,1,0,1,1,0,0,0,1,0,0,0,0,0,1,1,1,0,0,1,0,0,0,0,1,0,1,0,1,1,0,1,0,1,0,1,0,1,0,0
2,0,4,2,2,2,1,1,1,2,1,2,1,3,1,0,1,3,1,0,1,0,2,2,0,1,0,2,1,1,2,1,1,1,3,4,1,2,2,3,1,1,3,1,0,2,2,2,2,1,1,0,1,2,2,1,1,1,1,5,0,1,1,1,2,1,2,1,0,1
2,0,2,1,2,0,2,0,2,2,1,1,2,0,1,1,2,2,1,1,0,0,0,2,1,0,1,1,1,0,1,1,2,0,2,2,2,2,1,2,1,2,1,1,2,0,0,1,2,1,1,0,0,0,1,1,2,1,0,3,2,1,0,1,1,1,0,2,1,1
1,0,1,1,0,2,1,0,1,2,1,0,0,2,0,0,0,0,0,0,1,0,2,0,0,1,1,0,1,0,1,1,0,0,1,1,0,0,1,1,1,1,0,1,2,0,0,0,1,0,1,0,0,0,1,0,0,1,0,2,0,0,1,1,1,0,1,1,0,0
1,0,2,1,1,0,1,0,2,1,0,2,0,1,2,0,1,1,1,0,0,1,0,1,1,0,1,1,0,1,0,1,1,0,1,2,1,2,2,2,0,1,0,0,2,1,0,0,2,1,0,0,1,1,1,1,1,1,1,3,0,0,0,0,1,1,1,1,1,0
0,2,0,3,2,1,1,0,0,2,1,2,0,2,0,1,1,1,2,1,1,0,0,0,1,2,1,1,1,1,1,2,0,1,1,2,0,2,2,1,2,1,1,0,2,2,1,2,0,1,1,1,0,1,0,1,0,0,1,2,1,2,0,2,2,1,3,1,1,2
0,1,0,3,1,1,1,0,0,2,3,1,0,1,1,0,2,1,1,2,1,0,0,0,0,0,0,0,0,1,0,1,1,0,0,0,0,0,2,2,1,2,1,1,1,1,0,1,1,0,1,1,1,0,1,0,0,0,1,1,1,0,0,1,0,0,2,1,1,1
2,1,1,2,2,2,1,0,1,1,1,0,0,1,1,0,0,0,0,1,2,0,2,1,1,1,1,1,0,1,0,1,1,0,1,1,1,1,0,1,1,2,1,0,1,1,1,0,1,1,0,0,1,0,2,0,0,2,0,1,0,1,1,0,1,0,1,1,0,2
0,0,0,0,1,1,1,0,0,1,1,0,0,0,0,0,1,1,2,0,1,0,1,0,1,0,0,0,0,0,0,0,0,0,2,0,0,0,1,1,0,2,0,0,0,0,0,0,1,1,0,0,0,0,0,0,1,0,2,0,0,0,0,0,1,0,1,1,1,1
1,0,2,0,0,1,1,1,1,2,0,1,1,2,0,0,1,2,0,1,1,0,1,2,1,0,3,2,2,0,1,0,0,0,2,1,1,2,2,3,2,1,2,0,1,0,0,1,0,1,1,0,0,1,1,0,0,1,0,1,1,0,1,1,0,0,0,2,0,1
0,1,0,1,0,2,2,0,0,0,2,1,0,1,0,0,0,1,1,0,1,0,1,0,1,0,1,0,2,0,1,1,0,0,1,0,0,0,1,1,1,2,1,0,2,0,0,1,1,0,0,0,1,0,0,0,1,1,1,1,0,0,1,1,0,0,1,1,0,1
2,1,1,4,1,3,0,0,0,2,3,1,1,0,1,1,2,2,1,1,2,0,2,1,3,1,1,1,1,0,1,0,0,1,2,2,2,1,4,2,2,4,1,1,2,1,1,1,0,1,2,0,1,0,0,0,1,1,2,3,2,1,2,3,1,1,3,1,0,2
0,0,1,2,0,1,2,0,0,0,2,1,0,0,0,0,1,1,0,0,0,0,1,0,2,1,0,0,1,1,1,1,0,0,1,1,0,1,1,2,1,2,1,0,1,1,0,1,1,0,0,0,0,0,0,0,1,0,1,1,1,1,0,1,0,0,0,0,0,1
1,0,1,2,2,0,0,0,0,1,1,0,1,3,1,0,0,0,0,0,0,0,0,1,1,0,1,1,1,1,1,0,0,0,1,1,0,1,1,2,1,0,1,1,1,2,0,1,0,0,0,1,0,1,1,1,0,1,1,2,0,1,0,1,1,0,0,0,0,1
2,1,1,3,1,2,0,0,0,1,2,1,1,0,1,1,1,1,1,1,2,0,1,1,2,1,0,1,1,0,1,1,1,1,1,3,2,1,3,1,1,2,1,0,1,1,1,1,0,0,2,0,1,1,1,0,1,0,2,2,2,0,0,1,2,1,4,1,1,1
1,1,2,2,1,1,2,1,2,2,1,1,1,2,2,1,1,2,0,1,2,0,1,1,0,1,0,1,1,1,0,0,1,0,1,2,0,2,2,3,1,1,0,1,1,0,0,1,1,1,0,2,0,1,2,1,1,2,0,3,1,0,0,0,0,2,0,3,1,2
2,0,3,1,2,3,2,1,1,5,2,3,1,2,4,1,2,4,1,0,3,1,3,2,2,2,2,2,2,1,3,1,1,2,6,4,2,5,6,4,3,3,3,1,5,3,2,3,2,1,1,0,1,1,3,1,2,2,3,0,3,2,2,3,1,2,2,3,1,1
2,2,1,3,2,2,2,1,1,1,2,0,1,1,2,0,0,0,0,1,0,0,1,2,2,1,1,1,0,1,0,1,1,1,1,2,1,1,0,1,1,2,0,0,0,2,0,0,1,1,0,0,1,0,2,1,0,2,1,3,0,1,0,0,2,1,2,1,0,2
0,0,1,1,1,1,1,0,0,1,1,2,1,1,1,0,1,1,1,0,1,0,0,0,0,0,1,1,0,0,0,1,1,0,2,1,0,1,2,1,0,0,0,1,1,1,0,0,2,0,1,0,0,0,1,1,1,0,0,2,1,0,0,1,0,0,1,1,1,0
2,1,1,2,1,3,0,1,0,0,1,0,0,1,1,0,0,0,1,1,1,0,2,1,1,1,0,0,0,0,0,1,1,1,0,2,1,1,1,0,0,1,1,0,1,0,1,0,0,0,1,0,1,1,2,0,0,0,0,2,0,0,0,0,1,0,2,0,0,1
2,0,3,1,3,1,1,0,1,1,0,1,1,1,2,0,1,1,0,0,0,0,2,2,2,2,0,1,0,0,0,0,2,0,2,3,2,2,1,2,1,1,1,1,1,1,1,0,2,1,0,0,1,1,3,1,1,1,0,3,0,1,0,0,1,1,2,2,1,0
0,0,2,2,0,2,2,0,2,2,2,1,0,1,1,0,1,2,1,1,2,1,1,1,1,0,2,1,2,1,1,1,0,1,1,0,1,2,4,3,2,2,1,0,2,1,1,1,2,0,1,1,0,0,1,0,1,2,0,1,2,0,1,1,0,0,1,1,1,2
1,0,2,2,0,1,1,1,1,2,2,2,1,1,1,0,1,1,1,1,1,1,1,1,1,0,0,1,0,0,2,0,0,0,3,1,0,1,3,2,1,2,2,1,1,1,0,1,1,0,0,0,0,0,1,0,0,1,2,2,1,0,0,1,0,0,1,2,1,1
3,1,2,2,1,3,2,0,3,4,1,0,1,1,1,0,1,2,1,1,2,0,4,1,1,2,3,1,2,1,1,2,2,1,2,1,1,1,4,5,3,3,1,0,2,0,1,1,3,2,1,1,0,1,3,0,0,4,0,2,2,1,2,2,1,1,0,4,0,2
1,2,1,5,2,2,1,0,1,1,4,2,0,3,1,1,1,1,2,3,1,0,1,1,2,2,1,1,0,2,0,1,0,1,1,2,2,1,2,3,1,2,1,1,1,2,1,1,1,1,1,1,2,1,1,0,0,1,3,3,1,1,0,2,1,2,4,0,1,1
0,1,0,1,0,0,0,0,0,1,0,1,1,0,1,1,0,0,0,0,1,0,0,0,2,1,0,0,0,2,1,1,0,1,0,1,1,0,0,0,0,0,0,0,0,1,0,1,1,1,0,1,0,0,0,0,0,1,1,1,0,1,0,1,1,1,0,1,0,0
2,1,2,3,2,2,1,0,1,3,1,0,0,3,1,0,1,1,2,2,2,0,2,1,1,1,2,1,1,0,0,1,1,0,2,1,2,2,1,2,1,2,1,0,1,1,0,0,2,1,2,1,1,1,2,1,1,1,2,1,2,0,1,0,2,1,2,1,0,0
