75
62,43,43,26,17,12,19,48,4,12,38,56,20,57,24,39,35,57,68,13,10,56,41,6,51,50,41,14,73,61,34,5,57,21,3,2,70,55,72,4,59,31,41,53,11,60,50,53,17,70,57,15,61,71,70,58,20,9,52,61,40,44,42,28,24,42,20,12,53,38,14,60,14,50,1
0,2,1,0,0,0,1,0,0,0,1,0,0,0,0,0,0,1,0,0,0,0,0,1,0,0,1,0,1,1,1,1,0,0,0,0,1,0,0,1,0,1,0,0,0,0,0,0,0,0,0,1,0,0,1,2,0,2,1,0,0,0,1,0,0,0,2,0,0,2,0,1,0,1,1
2,0,1,0,2,2,2,1,1,0,2,1,1,1,0,2,1,2,0,0,0,0,0,1,2,1,1,2,1,1,1,1,0,1,0,1,2,2,2,1,1,0,1,2,0,0,0,2,1,1,0,1,1,0,1,1,0,0,2,1,2,2,0,1,1,0,0,1,0,1,1,0,1,0,2
1,1,0,1,2,2,3,1,3,0,3,2,1,1,0,1,0,2,0,1,0,0,0,3,1,1,2,1,2,1,3,1,1,2,1,0,3,2,2,2,1,0,1,2,1,1,1,2,1,1,0,1,1,0,1,3,1,2,5,1,2,3,0,1,2,2,2,1,1,2,1,1,1,0,5
0,0,1,0,1,0,1,1,1,0,0,1,0,0,0,1,1,0,0,0,0,0,0,1,0,0,0,0,1,1,1,0,0,0,1,0,1,1,1,1,0,0,0,1,1,0,0,1,1,0,0,0,0,0,0,1,1,0,1,1,0,0,0,0,0,0,0,0,0,0,0,0,0,0,2
0,2,2,1,0,1,2,0,0,0,1,2,0,0,0,1,1,0,1,1,2,0,1,1,1,1,2,2,0,3,0,1,1,1,1,0,1,1,1,0,2,0,0,1,1,0,0,2,2,1,0,1,0,1,1,1,1,1,1,2,0,1,1,1,0,2,2,0,0,2,1,1,1,2,0
0,2,2,0,1,0,1,2,1,0,1,1,2,1,1,1,0,1,0,0,1,0,0,2,0,1,2,0,2,1,1,2,0,1,0,0,2,1,1,1,0,0,2,1,1,1,0,2,1,1,0,1,2,0,0,2,1,1,2,0,1,1,1,0,1,1,2,0,1,2,0,2,2,1,1
1,2,3,1,2,1,0,1,3,0,3,3,1,1,0,2,0,2,1,1,3,0,1,3,0,2,2,2,1,2,3,1,1,2,2,1,4,2,2,2,1,0,0,2,2,1,0,2,1,1,0,2,1,2,2,4,2,2,5,1,2,3,1,1,2,1,2,0,0,1,1,2,2,1,3
0,1,1,1,0,2,1,0,1,0,0,1,1,1,0,2,0,0,0,1,1,0,0,1,1,0,1,1,1,1,0,0,0,1,0,0,1,1,1,1,0,0,1,1,0,0,0,2,1,0,0,0,1,1,1,1,1,1,2,0,1,1,0,0,0,1,1,0,0,0,0,1,1,0,0
0,1,3,1,0,1,3,1,0,0,1,3,0,0,0,1,1,1,1,1,2,1,1,2,1,1,2,2,1,4,2,0,0,2,2,0,1,1,2,0,1,0,1,2,1,1,0,3,2,0,1,1,1,1,1,1,2,2,2,2,1,2,1,1,0,1,2,0,1,0,0,1,1,2,2
0,0,0,0,0,0,0,0,0,0,0,0,1,0,0,0,0,0,1,0,0,0,0,0,0,0,0,1,0,0,0,0,0,0,0,1,0,0,0,0,0,0,1,0,0,0,0,0,0,0,0,0,0,0,0,0,0,0,0,0,1,0,0,0,0,0,0,0,0,0,0,0,0,0,0
1,2,3,0,1,1,3,0,1,0,0,3,0,0,0,2,1,0,1,1,2,1,2,1,1,0,2,2,0,5,2,1,1,2,2,1,1,1,3,1,1,1,0,2,2,1,0,3,2,0,1,1,0,1,1,0,3,2,2,3,1,1,1,1,0,1,3,0,1,0,0,1,0,3,3
0,1,2,1,2,1,3,1,3,0,3,0,2,1,0,1,0,2,1,0,1,0,0,2,1,2,2,1,1,2,3,1,0,1,2,1,3,1,2,1,1,0,1,2,1,1,1,1,1,0,2,2,1,0,1,3,1,3,5,2,3,2,1,1,2,2,2,0,0,1,1,2,2,2,4
0,1,1,0,0,2,1,1,0,1,0,2,0,1,1,1,1,1,1,0,1,0,1,0,2,0,2,1,1,2,0,1,0,1,1,1,0,0,0,1,0,0,2,0,2,1,0,2,1,0,1,0,1,1,1,0,0,1,0,0,1,0,0,0,1,1,1,0,0,0,1,1,1,1,1
0,1,1,0,0,1,1,1,0,0,0,1,1,0,0,0,0,0,0,0,0,0,0,1,0,0,1,1,1,1,0,0,1,0,1,1,2,0,1,1,0,0,1,0,0,0,0,1,1,1,2,0,2,0,0,1,1,1,1,0,0,0,1,0,0,1,0,0,0,0,0,1,0,0,1
0,0,0,0,0,1,0,0,0,0,0,0,1,0,0,1,0,0,0,0,0,0,0,0,0,0,0,0,2,0,0,1,0,0,0,0,2,0,0,0,1,1,1,1,0,0,0,0,1,1,0,0,0,0,0,0,0,0,0,0,1,0,0,0,0,0,1,0,0,0,0,0,0,0,0
0,2,1,1,1,1,2,2,1,0,2,1,1,0,1,0,0,1,1,0,1,0,1,1,0,1,1,2,1,2,1,1,0,2,1,1,3,0,2,1,0,0,0,2,2,1,0,2,1,0,1,2,1,1,1,2,1,2,2,1,1,1,0,0,1,1,2,0,0,1,1,1,2,1,2
0,1,0,1,1,0,0,0,1,0,1,0,1,0,0,0,0,0,1,0,1,0,0,1,0,1,0,0,1,0,0,0,0,0,0,1,2,0,0,0,0,0,1,0,0,0,0,0,0,0,1,0,0,0,0,1,0,1,1,0,1,1,0,0,1,0,0,0,1,0,0,0,2,0,1
1,2,2,0,0,1,2,0,1,0,0,2,1,0,0,1,0,0,0,1,1,0,1,0,1,0,1,2,0,3,1,1,0,2,1,0,1,1,1,0,0,0,0,2,1,1,0,2,1,0,1,1,0,1,1,0,1,1,1,1,0,1,1,0,1,1,2,1,1,0,0,1,1,2,1
0,0,0,0,1,0,1,0,1,1,1,1,1,0,0,1,1,0,0,0,1,0,0,2,0,0,0,2,2,1,1,0,1,0,0,1,1,0,1,0,0,0,0,0,1,1,0,1,0,0,0,0,0,0,1,1,1,0,1,1,1,1,0,0,1,0,0,1,0,0,1,0,1,1,1
0,0,1,0,1,0,1,1,1,0,1,0,0,0,0,0,0,1,0,0,0,0,0,1,0,1,1,0,1,0,0,1,0,0,0,1,1,0,0,0,0,1,0,1,0,0,0,1,0,0,0,0,0,0,0,1,0,1,2,0,1,0,0,0,1,0,0,0,0,0,0,0,0,0,1
0,0,0,0,2,1,3,1,2,0,2,1,1,0,0,1,1,1,1,0,0,0,0,3,1,2,0,2,1,1,1,1,1,1,0,1,2,1,1,1,0,0,1,1,2,0,0,0,1,1,1,1,0,0,1,2,1,1,3,1,3,2,0,1,2,2,1,0,0,0,1,0,1,1,3
0,0,0,0,0,0,0,0,1,0,1,0,0,0,0,0,0,0,0,0,0,0,0,1,0,0,0,0,0,0,0,0,0,0,0,0,1,0,0,0,0,0,0,0,0,0,0,0,0,0,0,0,0,0,0,0,0,0,1,0,0,1,0,0,0,0,0,0,0,0,0,0,1,0,1
0,0,0,0,1,0,1,0,1,0,2,0,1,0,0,1,0,1,0,0,0,0,0,1,0,1,0,1,1,0,1,0,0,0,0,1,1,0,0,1,0,0,0,0,0,0,0,0,0,0,1,1,1,0,0,1,0,1,2,0,1,1,0,0,1,0,1,1,0,0,0,0,1,0,2
1,1,3,1,1,2,3,1,2,0,1,2,0,1,0,1,1,0,2,1,3,1,1,0,1,1,1,3,0,4,1,0,2,2,2,1,1,1,2,0,1,0,1,4,2,1,1,4,2,1,2,1,1,1,1,0,2,2,3,2,1,2,0,0,1,1,2,0,2,0,0,1,2,2,2
0,2,1,0,1,0,0,1,1,0,1,1,2,0,0,0,0,1,0,0,1,0,0,1,0,1,1,0,1,1,1,2,0,0,0,0,1,0,1,1,0,0,0,1,0,0,0,2,0,0,0,1,1,0,1,1,0,2,2,0,1,1,0,0,1,0,1,0,0,1,0,1,0,0,1
0,1,1,0,1,1,2,0,1,0,0,2,0,0,0,1,1,0,0,1,2,0,1,1,1,0,1,2,0,2,0,0,1,1,1,1,0,1,2,1,1,0,0,1,1,0,0,2,2,0,0,0,0,1,1,0,1,1,0,1,1,1,0,1,1,0,1,1,0,0,0,0,0,1,1
1,1,2,0,2,2,2,1,2,0,2,2,2,1,0,1,0,1,0,1,0,0,0,1,1,1,0,2,2,1,1,0,0,1,1,0,1,1,1,1,2,1,0,1,2,2,1,1,1,0,0,1,0,0,1,2,1,1,3,0,1,2,0,1,1,1,2,0,1,1,1,1,2,0,2
0,2,1,0,2,0,2,1,2,1,2,1,1,1,0,2,0,2,2,0,2,0,1,3,0,2,2,0,2,2,2,2,1,1,1,0,3,2,1,1,0,0,0,2,2,0,0,2,0,0,0,1,0,1,1,3,1,2,3,1,2,2,0,2,2,1,2,1,0,2,1,0,1,1,4
1,1,2,1,0,2,1,1,1,0,0,1,1,1,2,1,1,0,2,1,1,0,1,0,1,0,2,2,0,2,0,1,0,2,1,1,1,1,2,0,0,1,1,1,1,1,2,3,1,0,2,1,0,1,1,1,2,1,0,1,1,0,1,0,1,1,2,1,1,1,0,1,1,1,0
1,1,1,1,3,1,2,1,4,0,5,2,2,1,0,2,0,3,1,0,1,0,0,4,1,2,1,2,2,0,3,1,0,1,1,1,4,2,1,2,1,0,0,2,1,1,1,0,0,0,1,1,1,0,1,4,0,2,5,1,3,3,1,1,3,1,1,1,0,2,1,1,2,0,5
1,1,3,1,0,1,3,0,2,0,2,3,0,0,0,1,0,1,1,0,1,0,1,1,1,0,1,2,0,3,0,1,0,1,1,0,1,0,1,1,0,0,0,2,1,1,0,2,2,0,1,1,2,1,1,1,1,2,1,1,1,2,1,0,1,1,2,0,0,1,0,2,2,1,1
1,1,1,0,1,2,1,0,0,0,1,1,1,0,1,1,0,1,0,1,1,0,0,0,2,0,0,2,1,1,1,0,0,1,0,0,0,1,1,0,0,1,1,1,0,0,0,1,2,1,0,1,0,0,1,0,1,0,2,1,0,0,0,0,0,0,1,0,0,0,1,0,0,2,2
0,0,1,0,1,0,1,0,0,0,1,0,0,1,0,0,0,0,1,0,1,0,0,2,0,1,0,1,0,0,0,0,0,1,0,1,1,0,1,0,0,0,1,1,0,1,0,1,0,0,1,0,1,0,0,1,1,1,2,0,1,1,1,0,1,0,0,0,2,0,0,0,1,0,2
0,1,2,0,1,1,2,1,2,0,2,1,1,0,0,2,0,2,0,0,1,0,0,2,0,1,1,1,2,1,1,1,1,0,1,0,3,2,2,1,1,0,0,2,1,0,0,1,2,1,0,1,1,1,1,2,1,1,3,1,2,1,0,1,1,1,1,0,0,2,0,1,1,0,2
0,0,1,1,1,0,2,0,2,0,2,2,1,1,0,1,0,1,0,0,0,0,0,2,0,1,1,1,1,1,1,0,0,1,0,1,2,1,1,1,1,0,0,1,1,0,0,1,0,0,0,0,1,0,0,2,1,1,2,1,2,2,0,0,1,0,1,0,0,1,1,0,1,0,2
0,1,0,0,0,0,1,0,0,1,1,1,1,1,0,1,1,0,1,1,1,0,1,1,0,1,0,0,1,1,0,0,1,0,1,0,0,1,1,2,1,0,0,0,0,0,0,1,0,0,1,0,1,0,0,2,1,1,0,2,1,0,0,0,0,0,1,1,0,0,0,0,0,1,0
1,2,3,1,1,2,4,1,1,0,1,3,0,2,2,3,2,1,1,1,2,1,1,1,1,0,1,3,1,4,1,0,1,3,2,0,0,1,2,1,1,0,0,3,2,1,1,3,2,0,1,2,1,1,2,1,2,1,3,2,1,1,1,2,1,2,2,0,1,1,0,1,0,2,3
0,2,2,1,1,1,2,1,1,0,1,1,0,0,0,0,0,1,0,0,1,0,0,1,0,1,1,2,1,2,0,1,0,2,1,1,1,0,2,1,1,0,1,1,2,0,0,2,1,0,0,2,0,1,2,2,1,2,3,1,1,2,1,0,1,2,2,0,1,0,0,1,1,1,2
0,2,2,1,1,1,2,1,2,0,3,2,0,1,0,2,0,1,1,0,1,0,0,2,1,2,1,1,2,1,1,1,1,2,1,1,2,2,0,1,0,0,1,2,1,2,1,1,2,1,1,0,1,1,0,2,1,2,4,1,2,2,0,0,1,0,2,0,1,1,1,2,1,1,2
1,1,2,1,0,1,2,1,0,0,1,1,1,1,0,1,0,0,0,0,1,0,1,0,1,1,1,1,0,2,1,0,0,1,1,2,1,1,1,0,1,0,0,2,1,1,1,2,1,0,1,0,1,1,1,2,1,0,2,1,1,2,0,0,0,1,1,0,0,0,0,1,1,1,2
0,1,1,0,2,0,1,0,1,0,1,1,0,0,1,0,0,0,0,0,0,0,0,1,0,1,2,0,0,1,0,0,0,1,1,1,1,1,0,1,0,0,1,1,1,2,0,1,0,0,0,1,0,0,0,1,1,1,1,1,1,1,0,0,1,0,1,0,0,0,0,1,1,1,1
1,0,0,0,0,0,0,0,0,0,1,0,0,0,1,0,0,0,0,1,0,0,0,0,0,0,1,0,1,0,0,1,0,0,0,0,0,0,0,0,0,0,0,0,0,0,0,0,1,0,1,0,0,0,0,0,0,0,1,1,0,0,0,0,0,0,0,0,1,0,0,1,0,0,1
0,1,1,0,0,2,0,1,1,1,0,1,2,1,1,0,1,0,0,0,1,0,0,1,0,0,0,0,1,0,0,1,1,0,0,0,0,1,1,0,1,0,0,0,0,1,1,0,0,1,1,1,1,0,0,0,0,1,0,1,0,0,1,1,0,0,0,1,1,0,1,1,1,0,0
0,2,2,1,1,1,2,1,2,0,2,2,0,0,1,2,0,2,0,1,1,0,0,4,1,1,1,2,1,2,2,1,1,2,1,0,3,1,2,2,1,0,0,0,2,2,1,1,2,1,0,2,1,2,2,2,1,2,4,1,2,1,0,0,2,2,2,1,0,1,0,1,1,1,3
0,0,1,1,1,1,2,0,1,0,2,1,2,0,0,2,0,1,1,0,2,0,0,2,0,1,2,2,1,1,1,0,0,1,1,0,2,2,1,1,1,0,0,2,0,0,0,1,1,0,0,1,0,0,2,3,1,1,2,2,1,2,0,1,1,2,2,0,0,1,1,0,1,1,2
0,0,1,0,0,1,1,0,1,0,1,1,1,0,0,1,0,1,1,0,0,0,0,1,0,0,2,0,1,1,1,0,1,0,0,0,1,0,2,1,2,0,1,2,0,0,0,2,1,0,1,1,1,0,0,1,1,0,2,0,0,0,1,0,0,1,0,1,0,1,1,1,0,1,2
0,0,1,0,0,0,0,0,0,0,0,1,0,0,0,0,0,0,0,0,0,0,0,1,0,0,1,0,2,1,0,0,0,0,0,0,1,0,1,1,0,0,1,1,0,0,0,2,0,0,0,0,0,0,1,0,0,0,0,0,0,0,0,0,0,0,0,0,1,1,0,0,0,0,0
0,2,2,1,2,2,2,2,3,0,3,1,2,1,0,2,0,2,1,1,0,0,0,4,2,2,1,2,3,0,2,1,1,1,1,1,3,2,1,2,1,0,0,1,1,2,2,0,1,0,1,1,2,0,1,3,0,2,5,0,3,3,1,1,2,1,2,2,1,2,1,2,2,1,4
0,1,1,1,2,1,1,1,2,0,2,1,1,1,1,1,0,1,0,0,1,0,0,2,0,2,1,0,1,0,2,2,0,2,0,0,2,1,2,1,0,1,0,2,1,1,0,1,0,1,0,1,1,0,1,3,0,1,3,0,1,1,0,1,2,1,1,0,0,2,1,2,2,0,3
0,1,1,0,1,1,1,0,0,0,0,0,0,1,1,0,0,0,0,0,1,0,0,1,0,0,0,0,0,0,0,1,0,1,0,0,0,0,1,0,0,0,1,1,0,0,0,0,1,0,0,0,0,0,2,1,0,0,2,0,0,1,0,0,0,2,0,0,0,2,0,0,0,0,1
0,0,0,0,0,0,0,0,1,0,1,2,1,2,0,1,1,1,0,0,1,0,1,2,0,0,0,0,2,1,1,0,1,0,0,1,1,0,1,1,0,1,1,0,0,1,0,1,0,0,0,0,2,0,0,2,0,0,1,1,0,1,0,0,1,0,1,1,0,0,1,0,1,0,1
1,1,1,0,1,1,2,0,1,0,1,2,0,0,0,2,0,1,0,0,1,0,1,1,1,0,1,1,1,1,1,1,0,1,0,0,2,2,0,0,1,0,1,2,1,1,0,1,1,0,0,0,0,0,0,1,1,1,2,0,1,1,0,0,1,0,1,0,0,1,0,0,1,1,2
0,1,1,0,0,2,1,1,1,0,0,1,1,2,0,1,0,0,0,0,0,0,1,1,1,0,0,0,0,1,2,0,1,1,1,1,1,0,1,1,0,0,1,1,0,1,0,2,1,0,2,0,0,0,0,1,1,0,2,0,0,0,0,0,1,0,0,0,0,1,1,0,0,0,2
0,0,0,0,1,0,2,1,1,0,1,0,1,0,0,1,0,1,0,0,0,0,0,1,0,1,0,1,1,0,1,0,0,1,0,0,1,1,1,1,0,0,0,2,0,0,0,0,0,0,0,0,0,0,0,1,0,0,1,0,1,1,0,0,1,0,0,0,0,1,1,0,0,0,1
1,1,1,0,1,0,2,1,1,0,1,1,1,0,0,1,0,1,1,0,1,0,0,1,1,1,1,1,1,1,1,1,0,1,0,0,2,2,0,1,0,0,0,2,2,0,1,1,1,2,0,0,0,0,0,2,1,1,2,1,1,2,0,1,1,1,1,0,0,1,0,0,1,1,2
2,1,3,1,1,2,4,1,1,0,0,3,0,1,0,2,1,0,1,1,2,0,1,0,1,0,2,3,1,4,1,0,1,2,2,2,1,2,2,2,1,0,0,2,3,1,0,3,3,1,2,1,1,1,2,0,2,1,2,2,1,1,1,2,0,2,2,0,1,0,0,1,1,2,2
0,0,1,1,1,1,2,1,2,0,3,1,0,1,0,1,0,1,1,0,1,0,0,2,0,1,1,1,2,0,1,1,1,1,1,1,2,1,1,1,1,0,0,1,1,1,0,0,0,0,0,1,1,0,1,2,0,1,4,0,2,2,0,0,2,0,1,1,0,1,1,0,1,1,3
2,0,2,0,1,1,2,1,2,0,2,3,1,1,0,2,1,1,0,1,1,0,1,2,2,1,1,2,1,2,2,0,1,1,1,1,1,2,2,0,1,0,1,2,1,0,0,2,1,0,0,1,0,0,1,1,1,0,3,1,1,2,0,0,1,1,2,0,0,0,1,1,1,1,3
1,2,5,1,1,2,5,2,2,0,2,5,0,1,0,2,1,1,1,2,3,1,2,3,2,0,3,3,0,5,1,2,2,3,2,0,3,3,4,2,1,1,0,4,2,2,0,5,3,2,1,2,2,1,2,2,4,3,0,3,1,3,2,1,1,2,5,0,1,1,0,3,2,3,3
0,1,1,1,2,0,1,0,2,0,3,2,0,0,0,1,0,1,1,0,1,0,0,2,0,1,0,1,1,1,1,1,0,1,1,2,2,1,1,1,1,1,1,1,2,0,0,0,0,0,1,0,0,0,1,2,0,1,3,0,2,2,1,0,2,1,2,1,0,1,0,0,1,2,2
0,2,2,0,0,1,2,1,1,1,1,3,1,0,1,1,1,0,1,1,3,0,1,1,1,1,1,2,1,3,1,0,1,2,2,1,1,1,2,1,1,0,0,2,1,0,0,3,1,0,0,1,0,1,1,1,2,1,1,2,0,1,0,1,0,1,1,1,0,0,0,0,0,2,1
0,2,3,0,1,1,3,1,2,0,1,2,0,0,0,1,1,1,1,0,2,1,1,2,1,1,2,2,0,3,2,0,1,1,2,0,1,2,2,2,1,0,0,1,2,0,0,3,1,1,1,1,0,1,2,1,2,2,3,2,1,0,1,1,1,1,2,1,0,1,0,2,1,1,2
1,0,0,0,1,1,1,0,1,0,1,1,0,1,0,0,0,1,0,0,0,0,0,0,0,0,0,0,1,1,1,0,1,0,0,0,1,1,0,0,0,0,1,0,0,1,0,1,0,0,0,0,0,0,0,1,0,0,2,1,0,1,0,0,0,0,0,0,0,1,1,0,1,0,1
0,1,1,0,1,0,1,0,1,0,1,1,0,0,0,0,0,0,0,0,1,0,0,0,0,1,1,2,0,1,0,0,0,1,0,0,2,0,0,0,0,0,1,0,1,0,0,1,1,0,0,0,0,0,1,2,0,0,1,0,1,1,0,0,0,0,1,0,0,0,1,0,1,1,1
0,1,2,0,0,1,2,0,0,0,0,2,1,0,0,1,1,1,1,1,2,0,1,1,1,1,1,2,1,3,1,0,1,1,1,0,1,1,1,0,1,0,0,2,1,0,0,2,2,0,1,1,1,1,1,0,2,1,1,2,0,1,0,0,0,1,1,0,0,0,0,1,0,2,1
0,0,2,0,2,1,1,1,1,0,1,2,1,1,0,1,0,1,0,0,2,0,0,1,0,0,1,1,1,1,1,0,0,1,0,0,2,2,0,1,0,0,0,2,2,1,0,1,1,2,0,0,0,0,1,2,0,1,2,1,1,1,0,0,1,0,1,0,0,1,1,1,2,0,1
2,0,2,0,2,2,2,1,2,0,3,2,1,0,1,2,0,2,0,0,1,0,1,2,1,1,2,2,2,1,2,1,0,1,1,1,2,2,2,1,1,0,0,2,2,0,0,2,1,0,1,1,0,0,1,2,1,2,5,2,1,2,0,1,1,1,0,0,0,1,1,0,1,2,4
0,1,1,0,0,0,0,0,0,0,0,0,0,0,0,0,0,1,1,0,0,0,1,0,0,1,0,1,1,1,0,0,0,0,0,1,0,0,0,0,0,0,1,1,0,1,0,2,0,0,1,0,0,0,0,0,1,0,0,1,1,1,0,0,0,0,0,0,1,1,0,0,0,0,1
0,0,1,0,0,1,0,0,1,0,1,0,0,0,0,0,1,1,0,0,0,0,0,2,0,0,1,0,1,0,0,0,2,0,0,0,1,1,1,0,0,1,1,0,0,0,1,1,0,0,0,0,0,0,0,1,0,0,1,0,0,0,0,0,0,0,0,1,0,1,0,0,1,0,1
2,1,2,0,2,2,1,0,0,0,0,1,0,0,0,1,0,0,0,0,0,0,0,0,1,0,1,2,1,2,1,0,0,2,1,0,1,0,1,0,0,0,0,1,1,1,1,2,2,2,0,1,1,1,1,0,1,0,1,1,0,1,1,0,0,1,1,1,1,0,0,1,1,1,1
0,1,1,0,1,0,1,0,0,0,0,1,1,0,0,1,0,0,1,0,1,0,0,0,0,0,1,1,0,1,0,1,0,0,1,0,0,0,1,0,0,0,1,0,1,1,0,1,1,0,1,0,1,1,0,0,1,1,0,0,0,0,1,1,0,1,1,0,0,0,0,1,1,1,1
1,0,1,0,1,2,2,1,1,0,1,2,1,1,0,1,0,1,0,0,0,0,0,1,1,0,1,0,1,1,2,0,0,1,0,0,1,1,2,1,1,1,1,1,0,1,0,2,2,0,0,0,0,0,0,1,0,1,3,0,0,2,0,0,1,1,0,0,0,1,1,0,0,1,3
0,1,1,0,1,2,2,1,1,0,0,2,1,0,0,2,2,1,1,0,1,1,1,2,0,0,2,1,1,2,2,0,1,1,1,0,0,1,1,1,1,0,1,1,1,0,0,2,2,0,1,1,0,0,1,1,1,1,2,1,0,1,1,1,0,2,1,0,1,1,1,0,0,1,2
1,0,0,0,2,1,1,0,2,0,3,2,1,0,0,1,0,2,1,0,1,0,0,2,0,1,0,1,1,0,1,2,0,0,0,1,2,1,1,1,1,0,0,1,1,1,0,1,0,0,0,1,0,0,1,2,1,1,3,2,2,1,0,1,2,0,2,0,0,1,1,1,1,0,3
1,2,5,2,0,1,3,0,2,0,3,4,1,1,0,2,1,1,1,1,3,1,2,2,1,1,2,4,0,5,1,2,2,2,2,0,3,2,2,2,1,1,0,3,2,2,0,4,3,1,1,2,2,1,2,2,3,3,3,2,1,2,1,1,1,1,4,1,1,1,1,3,2,3,0
