70
16,64,57,54,12,64,67,46,66,36,7,23,8,52,51,56,71,1,8,39,23,27,19,9,69,30,8,35,40,1,10,24,38,64,68,19,69,33,45,32,17,34,67,55,70,69,56,69,20,68,45,61,68,30,6,54,62,33,31,16,39,31,19,71,65,54,39,54,18,45
0,1,0,2,1,1,0,1,2,0,1,2,0,0,0,2,1,2,2,0,1,0,0,0,1,0,1,0,0,0,0,0,1,1,0,1,1,0,0,1,1,0,1,0,0,0,0,0,0,0,2,0,1,0,1,0,0,1,0,0,1,0,1,2,1,1,0,1,1,1
1,0,0,2,1,0,0,1,2,1,0,0,0,1,1,2,0,0,1,0,1,0,1,0,0,0,1,1,0,0,0,0,1,0,1,0,0,0,0,0,2,1,0,1,0,0,1,1,0,0,2,1,0,0,0,1,1,0,1,0,1,2,1,2,2,0,1,1,1,2
0,0,0,1,2,4,4,0,1,1,1,2,1,3,0,2,1,3,1,2,3,0,4,3,2,1,1,0,1,0,0,0,3,3,1,2,0,1,1,0,1,2,2,3,2,3,1,1,1,1,1,4,0,3,1,2,1,3,3,3,1,0,0,2,0,3,2,1,1,2
2,2,1,0,0,2,3,0,0,0,0,1,2,2,0,3,1,1,0,1,2,0,3,2,1,1,0,1,1,1,1,0,2,1,0,1,1,0,0,0,0,2,2,2,2,2,0,1,1,0,1,2,0,3,1,1,1,2,1,1,1,1,0,1,0,2,2,2,0,2
1,1,2,0,0,3,2,0,1,1,0,1,1,1,0,1,1,1,0,0,1,0,3,1,1,1,0,0,1,0,0,0,1,1,0,2,1,0,0,0,0,2,1,1,1,1,1,1,0,0,0,1,0,2,1,1,0,1,0,2,1,0,0,0,1,0,1,1,0,2
1,0,4,2,3,0,6,2,2,4,3,3,3,6,1,4,1,4,2,4,5,1,7,5,2,1,1,0,0,2,0,2,4,4,1,3,2,2,1,0,1,3,3,5,4,3,0,2,4,2,2,7,1,7,2,3,3,5,5,7,2,0,1,5,2,5,5,2,1,2
0,0,4,3,2,6,0,2,2,3,2,3,2,4,1,3,1,3,2,3,5,1,7,3,3,2,2,0,1,1,1,0,4,3,1,4,1,2,1,1,1,3,2,4,3,3,1,2,3,2,2,5,0,6,2,2,1,5,3,6,1,0,0,3,1,4,3,1,1,3
1,1,0,0,0,2,2,0,0,0,0,1,0,1,0,1,1,0,2,0,1,0,2,0,0,1,0,0,0,0,0,0,1,0,0,0,0,0,1,1,0,1,0,2,1,1,0,0,0,0,1,1,0,0,1,0,0,0,0,2,2,0,0,1,0,0,1,1,1,1
2,2,1,0,1,2,2,0,0,2,0,1,1,2,1,2,0,1,0,0,0,0,3,1,0,1,1,1,1,0,0,1,3,3,0,1,1,1,1,0,1,3,1,2,2,2,1,1,0,0,2,3,1,1,2,1,1,2,1,1,0,1,0,1,1,0,1,2,2,2
0,1,1,0,1,4,3,0,2,0,0,1,2,1,0,2,1,2,1,1,1,1,3,2,1,2,1,1,1,1,0,1,4,2,0,3,1,2,1,0,0,3,1,2,2,1,0,2,0,0,2,4,0,2,2,2,0,1,1,2,1,1,1,0,0,1,1,2,2,1
1,0,1,0,0,3,2,0,0,0,0,1,1,1,0,0,1,1,0,1,1,0,3,1,1,1,1,1,1,0,0,0,1,1,0,2,1,1,1,0,0,2,1,3,1,1,0,1,0,0,0,2,0,2,1,1,0,1,2,1,1,1,1,0,0,1,0,1,0,2
2,0,2,1,1,3,3,1,1,1,1,0,2,2,0,1,1,2,0,2,2,0,4,2,2,1,1,0,1,1,0,1,2,2,0,2,0,0,1,0,1,2,1,2,2,2,0,2,0,0,1,3,0,3,1,1,1,2,1,2,1,0,0,1,0,2,2,1,0,3
0,0,1,2,1,3,2,0,1,2,1,2,0,3,1,1,1,2,1,2,3,0,2,1,0,1,1,0,0,0,1,0,2,2,0,1,0,1,0,0,0,2,2,1,1,1,0,1,1,0,1,3,0,3,0,2,1,2,1,3,1,1,0,2,0,2,1,1,0,2
0,1,3,2,1,6,4,1,2,1,1,2,3,0,0,2,1,3,2,2,3,1,5,3,2,3,1,0,1,0,0,0,3,3,1,4,1,2,1,1,2,4,1,2,2,2,0,2,1,0,1,3,0,3,2,2,1,3,2,3,2,0,0,3,1,2,2,1,2,3
0,1,0,0,0,1,1,0,1,0,0,0,1,0,0,2,0,1,0,0,1,1,2,1,1,0,0,1,0,0,0,0,2,1,0,1,0,1,0,0,1,1,0,0,0,1,0,0,0,1,1,2,0,1,0,1,0,1,1,2,1,0,1,1,0,0,2,1,1,1
2,2,2,3,1,4,3,1,2,2,0,1,1,2,2,0,3,1,1,1,2,0,3,1,2,2,2,2,1,1,0,1,1,2,1,2,0,2,1,1,3,4,0,2,1,2,1,2,1,0,2,2,1,2,3,1,0,2,1,1,2,0,1,1,1,2,1,2,1,2
1,0,1,1,1,1,1,1,0,1,1,1,1,1,0,3,0,1,1,1,1,0,2,1,1,1,0,1,0,1,0,0,2,2,0,1,1,0,0,0,0,1,1,1,2,2,0,0,1,0,1,3,1,2,0,1,1,1,2,2,0,0,0,2,1,2,1,0,0,1
2,0,3,1,1,4,3,0,1,2,1,2,2,3,1,1,1,0,1,1,3,0,4,2,2,1,2,1,1,1,0,1,3,4,1,3,1,1,0,0,1,3,1,2,2,2,0,1,2,1,0,4,0,3,2,2,1,3,2,4,1,0,0,2,0,3,1,1,1,2
2,1,1,0,0,2,2,2,0,1,0,0,1,2,0,1,1,1,0,0,0,0,2,1,0,1,1,1,1,1,0,0,2,2,0,1,1,0,0,1,1,2,1,1,1,1,1,1,0,0,1,2,0,1,1,2,0,1,0,1,0,0,1,1,1,0,1,1,1,2
0,0,2,1,0,4,3,0,0,1,1,2,2,2,0,1,1,1,0,0,2,0,3,2,1,1,1,1,1,1,0,0,3,1,0,2,0,1,0,0,0,3,1,2,2,2,0,1,1,0,1,3,0,2,1,2,0,2,2,2,1,0,0,1,0,2,1,1,1,1
1,1,3,2,1,5,5,1,0,1,1,2,3,3,1,2,1,3,0,2,0,1,6,3,2,3,1,0,1,1,0,0,2,3,1,4,1,3,1,0,0,3,3,4,2,2,1,3,1,0,1,4,0,4,2,3,1,4,3,4,1,1,0,2,1,3,2,2,2,3
0,0,0,0,0,1,1,0,0,1,0,0,0,1,1,0,0,0,0,0,1,0,0,0,0,1,0,0,0,0,0,0,1,1,0,1,0,0,0,0,0,1,0,0,0,0,0,0,0,0,0,0,0,1,0,1,0,0,0,1,0,0,0,1,0,1,0,0,0,1
0,1,4,3,3,7,7,2,3,3,3,4,2,5,2,3,2,4,2,3,6,0,0,3,3,3,2,1,1,2,0,1,3,3,2,4,0,1,1,1,2,4,3,5,3,3,0,3,3,1,3,5,0,6,3,3,2,4,4,5,3,0,1,5,1,4,4,3,0,5
0,0,3,2,1,5,3,0,1,2,1,2,1,3,1,1,1,2,1,2,3,0,3,0,2,2,1,0,1,0,0,0,3,2,1,3,1,1,1,1,1,3,1,3,2,2,0,2,1,0,1,3,0,3,2,2,1,3,2,3,1,0,0,2,0,2,1,1,0,3
1,0,2,1,1,2,3,0,0,1,1,2,0,2,1,2,1,2,0,1,2,0,3,2,0,1,0,0,0,1,0,0,2,2,1,2,0,1,1,0,0,2,2,2,2,2,0,1,1,1,1,2,0,3,1,2,1,2,2,2,1,0,0,2,1,2,1,2,0,1
0,0,1,1,1,1,2,1,1,2,1,1,1,3,0,2,1,1,1,1,3,1,3,2,1,0,1,0,0,1,0,0,2,1,1,1,0,1,0,0,0,1,2,2,2,2,1,0,1,1,1,2,0,3,0,2,2,2,2,3,1,0,0,3,2,2,2,1,0,1
1,1,1,0,0,1,2,0,1,1,1,1,1,1,0,2,0,2,1,1,1,0,2,1,0,1,0,1,0,0,0,0,2,2,1,1,0,0,1,0,0,1,2,2,2,1,0,2,1,0,1,3,0,2,0,1,1,2,1,2,0,0,0,1,1,1,2,2,0,0
0,1,0,1,0,0,0,0,1,1,1,0,0,0,1,2,1,1,1,1,0,0,1,0,0,0,1,0,0,0,1,0,1,1,0,1,0,0,0,0,1,1,0,0,0,0,0,0,1,0,0,0,1,0,0,0,0,0,0,0,0,1,1,0,0,0,0,1,1,0
0,0,1,1,1,0,1,0,1,1,1,1,0,1,0,1,0,1,1,1,1,0,1,1,0,0,0,0,0,0,0,0,0,2,0,0,0,0,0,0,0,0,1,0,1,1,0,0,1,0,0,1,0,1,0,0,1,1,1,1,0,1,0,1,0,1,1,0,0,0
0,0,0,1,0,2,1,0,0,1,0,1,0,0,0,1,1,1,1,1,1,0,2,0,1,1,0,0,0,0,0,0,1,0,0,1,0,1,0,0,0,1,1,1,0,0,1,0,0,0,0,1,0,1,0,1,0,1,0,1,1,0,0,1,0,1,1,1,0,1
0,0,0,1,0,0,1,0,0,0,0,0,1,0,0,0,0,0,0,0,0,0,0,0,0,0,0,1,0,0,0,1,1,1,0,1,1,0,0,0,0,0,0,1,0,0,0,0,0,0,0,1,0,0,0,0,0,0,0,1,0,0,0,1,0,0,0,0,1,0
0,0,0,0,0,2,0,0,1,1,0,1,0,0,0,1,0,1,0,0,0,0,1,0,0,0,0,0,0,0,1,0,1,0,0,0,0,1,0,0,0,1,0,1,2,0,0,0,0,0,1,1,0,1,0,1,0,0,0,0,0,1,0,0,1,0,1,0,1,0
1,1,3,2,1,4,4,1,3,4,1,2,2,3,2,1,2,3,2,3,2,1,3,3,2,2,2,1,0,1,1,1,0,3,1,2,0,2,1,0,1,4,1,1,2,2,2,2,2,2,0,4,1,4,1,4,1,2,2,4,1,2,1,2,1,3,1,2,1,1
1,0,3,1,1,4,3,0,3,2,1,2,2,3,1,2,2,4,2,1,3,1,3,2,2,1,2,1,2,0,1,0,3,0,1,3,1,1,1,0,1,3,2,2,2,2,0,2,1,0,1,4,0,4,1,2,1,2,2,3,1,0,1,1,0,3,1,2,1,2
0,1,1,0,0,1,1,0,0,0,0,0,0,1,0,1,0,1,0,0,1,0,2,1,1,1,1,0,0,0,0,0,1,1,0,1,0,0,0,0,1,1,0,1,0,2,0,1,0,0,0,2,0,1,1,1,0,0,0,1,1,0,0,0,0,0,0,1,0,1
1,0,2,1,2,3,4,0,1,3,2,2,1,4,1,2,1,3,1,2,4,1,4,3,2,1,1,1,0,1,1,0,2,3,1,0,0,1,0,0,0,3,3,3,3,2,0,1,2,1,1,3,0,4,1,3,2,3,2,4,2,0,1,3,0,3,3,1,0,1
1,0,0,1,1,2,1,0,1,1,1,0,0,1,0,0,1,1,1,0,1,0,0,1,0,0,0,0,0,0,1,0,0,1,0,0,0,0,0,0,1,0,1,0,0,0,0,0,1,0,0,1,0,1,0,1,1,2,0,2,0,0,0,1,0,2,0,1,0,0
0,0,1,0,0,2,2,0,1,2,1,0,1,2,1,2,0,1,0,1,3,0,1,1,1,1,0,0,0,1,0,1,2,1,0,1,0,0,0,0,1,1,1,1,1,1,0,0,1,1,2,1,0,2,1,1,1,1,1,2,1,0,0,2,0,3,1,0,0,1
0,0,1,0,0,1,1,1,1,1,1,1,0,1,0,1,0,0,0,0,1,0,1,1,1,0,1,0,0,0,0,0,1,1,0,0,0,0,0,0,0,1,0,1,1,0,0,0,1,0,0,1,0,1,0,0,0,0,1,1,0,0,0,1,0,0,1,0,0,0
1,0,0,0,0,0,1,1,0,0,0,0,0,1,0,1,0,0,1,0,0,0,1,1,0,0,0,0,0,0,0,0,0,0,0,0,0,0,0,0,0,0,1,1,0,1,0,0,0,0,0,1,0,1,0,0,0,0,1,1,0,0,0,1,0,0,1,1,0,1
1,2,1,0,0,1,1,0,1,0,0,1,0,2,1,3,0,1,1,0,0,0,2,1,0,0,0,1,0,0,0,0,1,1,1,0,1,1,0,0,0,1,1,3,2,2,0,0,0,0,2,2,1,1,0,1,1,1,1,2,0,2,1,1,0,1,2,1,2,1
0,1,2,2,2,3,3,1,3,3,2,2,2,4,1,4,1,3,2,3,3,1,4,3,2,1,1,1,0,1,0,1,4,3,1,3,0,1,1,0,1,0,2,2,3,2,0,1,2,2,2,4,1,4,1,3,2,3,2,5,1,1,2,3,0,3,3,1,1,1
1,0,2,2,1,3,2,0,1,1,1,1,2,1,0,0,1,1,1,1,3,0,3,1,2,2,2,0,1,1,0,0,1,2,0,3,1,1,0,1,1,2,0,1,2,1,0,2,2,0,1,3,1,1,1,1,0,2,0,2,1,0,0,0,1,0,0,1,1,2
0,1,3,2,1,5,4,2,2,2,3,2,1,2,0,2,1,2,1,2,4,0,5,3,2,2,2,0,0,1,1,1,1,2,1,3,0,1,1,1,3,2,1,0,2,2,0,2,2,0,1,3,0,3,2,2,1,3,2,3,2,0,0,3,1,3,2,1,0,4
0,0,2,2,1,4,3,1,2,2,1,2,1,2,0,1,2,2,1,2,2,0,3,2,2,2,2,0,1,0,0,2,2,2,0,3,0,1,1,0,2,3,2,2,0,2,0,2,1,0,1,3,0,3,1,2,1,2,2,3,1,0,0,1,1,2,2,2,0,2
0,0,3,2,1,3,3,1,2,1,1,2,1,2,1,2,2,2,1,2,2,0,3,2,2,2,1,0,1,0,0,0,2,2,2,2,0,1,0,1,2,2,1,2,2,0,0,2,1,0,0,3,0,2,2,2,1,3,2,2,1,0,0,2,1,2,1,1,0,3
0,1,1,0,1,0,1,0,1,0,0,0,0,0,0,1,0,0,1,0,1,0,0,0,0,1,0,0,0,1,0,0,2,0,0,0,0,0,0,0,0,0,0,0,0,0,0,0,0,0,1,0,0,0,0,0,0,0,0,0,0,0,0,0,0,0,1,0,0,1
0,1,1,1,1,2,2,0,1,2,1,2,1,2,0,2,0,1,1,1,3,0,3,2,1,0,2,0,0,0,0,0,2,2,1,1,0,0,0,0,0,1,2,2,2,2,0,0,1,1,2,2,0,2,0,1,1,2,2,3,1,1,0,2,0,2,2,0,0,2
0,0,1,1,0,4,3,0,0,0,0,0,1,1,0,1,1,2,0,1,1,0,3,1,1,1,1,1,1,0,0,0,2,1,0,2,1,1,1,0,0,2,2,2,1,1,0,1,0,0,0,2,0,2,1,2,0,1,0,2,1,1,1,1,0,0,1,1,1,1
0,0,1,0,0,2,2,0,0,0,0,0,0,0,1,0,0,1,0,0,0,0,1,0,1,1,0,0,0,0,0,0,2,0,0,1,0,1,0,0,0,2,0,0,0,0,0,1,0,0,0,1,0,1,0,0,0,0,0,1,1,0,0,1,0,0,0,0,0,1
2,2,1,1,0,2,2,1,2,2,0,1,1,1,1,2,1,0,1,1,1,0,3,1,1,1,1,0,0,0,0,1,0,1,0,1,0,2,0,0,2,2,1,1,1,0,1,2,0,0,0,2,0,2,1,1,0,1,1,0,1,1,0,0,2,1,1,1,1,2
0,1,4,2,1,7,5,1,3,4,2,3,3,3,2,2,3,4,2,3,4,0,5,3,2,2,3,0,1,1,1,1,4,4,2,3,1,1,1,1,2,4,3,3,3,3,0,2,2,1,2,0,1,5,3,3,1,4,2,5,2,0,1,4,1,4,2,2,0,3
1,0,0,0,0,1,0,0,1,0,0,0,0,0,0,1,1,0,0,0,0,0,0,0,0,0,0,1,0,0,0,0,1,0,0,0,0,0,0,0,1,1,1,0,0,0,0,0,0,0,0,1,0,0,0,0,0,0,0,1,0,0,0,0,0,0,0,1,0,0
0,0,3,3,2,7,6,0,1,2,2,3,3,3,1,2,2,3,1,2,4,1,6,3,3,3,2,0,1,1,0,1,4,4,1,4,1,2,1,1,1,4,1,3,3,2,0,2,2,1,2,5,0,0,3,3,1,3,2,4,2,0,0,3,1,4,1,2,1,4
1,0,1,1,1,2,2,1,2,2,1,1,0,2,0,3,0,2,1,1,2,0,3,2,1,0,0,0,0,0,0,0,1,1,1,1,0,1,0,0,0,1,1,2,1,2,0,0,1,0,1,3,0,3,0,1,1,2,2,3,1,0,0,3,0,2,2,1,1,1
0,1,2,1,1,3,2,0,1,2,1,1,2,2,1,1,1,2,2,2,3,1,3,2,2,2,1,0,0,1,0,1,4,2,1,3,1,1,0,0,1,3,1,2,2,2,0,1,2,0,1,3,0,3,1,0,1,2,1,3,1,0,2,2,0,1,1,1,1,1
0,1,1,1,0,3,1,0,1,0,0,1,1,1,0,0,1,1,0,0,1,0,2,1,1,2,1,0,1,0,0,0,1,1,0,2,1,1,0,0,1,2,0,1,1,1,0,1,0,0,0,1,0,1,1,1,0,1,0,1,1,0,0,1,1,1,1,0,0,2
1,0,3,2,1,5,5,0,2,1,1,2,2,3,1,2,1,3,1,2,4,0,4,3,2,2,2,0,1,1,0,0,2,2,0,3,2,1,0,0,1,3,2,3,2,3,0,2,1,0,1,4,0,3,2,2,1,0,3,3,1,0,0,2,0,2,3,1,0,3
0,1,3,1,0,5,3,0,1,1,2,1,1,2,1,1,2,2,0,2,3,0,4,2,2,2,1,0,1,0,0,0,2,2,0,2,0,1,1,1,1,2,0,2,2,2,0,2,0,0,1,2,0,2,2,1,0,3,0,2,2,0,0,2,1,2,2,1,0,3
0,0,3,1,2,7,6,2,1,2,1,2,3,3,2,1,2,4,1,2,4,1,5,3,2,3,2,0,1,1,1,0,4,3,1,4,2,2,1,1,2,5,2,3,3,2,0,3,2,1,0,5,1,4,3,3,1,3,2,0,3,0,1,2,1,2,2,2,1,3
1,1,1,1,1,2,1,2,0,1,1,1,1,2,1,2,0,1,0,1,1,0,3,1,1,1,0,0,0,1,0,0,1,1,1,2,0,1,0,0,0,1,1,2,1,1,0,1,1,1,1,2,0,2,1,1,1,1,2,3,0,1,0,2,1,1,1,1,0,2
0,2,0,1,0,0,0,0,1,1,1,0,1,0,0,0,0,0,0,0,1,0,0,0,0,0,0,1,1,0,0,1,2,0,0,0,0,0,0,0,2,1,0,0,0,0,0,1,1,0,1,0,0,0,0,0,0,0,0,0,1,0,1,0,1,0,1,0,2,1
1,1,0,0,0,1,0,0,0,1,1,0,0,0,1,1,0,0,1,0,0,0,1,0,0,0,0,1,0,0,0,0,1,1,0,1,0,0,0,0,1,2,0,0,0,0,0,0,1,0,0,1,0,0,0,2,0,0,0,1,0,1,0,0,0,0,0,2,2,0
2,2,2,1,0,5,3,1,1,0,0,1,2,3,1,1,2,2,1,1,2,1,5,2,2,3,1,0,1,1,1,0,2,1,0,3,1,2,1,1,1,3,0,3,1,2,0,2,1,1,0,4,0,3,3,2,1,2,2,2,2,0,0,0,1,1,1,2,1,2
1,2,0,0,1,2,1,0,1,0,0,0,0,1,0,1,1,0,1,0,1,0,1,0,1,2,1,0,0,0,0,1,1,0,0,0,0,0,0,0,0,0,1,1,1,1,0,0,0,0,2,1,0,1,0,0,1,0,1,1,1,1,0,1,0,0,1,1,1,1
1,0,3,2,0,5,4,0,0,1,1,2,2,2,0,2,2,3,0,2,3,1,4,2,2,2,1,0,1,1,0,0,3,3,0,3,2,3,0,0,1,3,0,3,2,2,0,2,0,0,1,4,0,4,2,1,1,2,2,2,1,0,0,1,0,0,2,2,1,2
0,1,2,2,1,5,3,1,1,1,0,2,1,2,2,1,1,1,1,1,2,0,4,1,1,2,2,0,1,1,0,1,1,1,0,3,0,1,1,1,2,3,0,2,2,1,1,2,1,0,1,2,0,1,2,1,1,3,2,2,1,1,0,1,1,2,0,3,0,3
1,1,1,2,1,2,1,1,2,2,1,1,1,1,1,2,0,1,1,1,2,0,3,1,2,1,2,1,0,1,0,0,2,2,1,1,1,0,0,1,1,1,1,1,2,1,0,0,1,0,1,2,1,2,1,1,0,1,1,2,1,0,2,2,1,2,3,0,1,1
1,1,1,0,0,1,1,1,2,2,0,0,0,2,1,1,0,1,1,1,2,0,0,0,0,0,0,1,0,0,1,1,1,1,0,0,0,0,0,0,2,1,1,0,0,0,0,0,1,0,1,0,0,1,1,1,0,0,0,1,0,2,2,1,1,1,0,1,0,1
1,2,2,2,2,2,3,1,2,1,2,3,2,3,1,2,1,2,2,1,3,1,5,3,1,1,0,0,0,1,0,0,1,2,1,1,0,1,0,1,1,1,2,4,2,3,1,2,1,1,2,3,0,4,1,1,2,3,3,3,2,1,0,2,1,2,3,1,1,0
