70
58,7,49,1,13,19,68,2,53,42,25,47,34,31,14,11,63,21,31,2,12,9,47,21,68,59,11,44,38,22,19,52,53,32,46,44,15,24,27,8,17,12,17,16,19,8,37,69,2,63,68,34,48,2,47,47,8,37,49,63,68,15,7,32,32,63,31,22,45,56
0,0,2,2,1,0,2,2,1,0,2,2,1,2,1,1,2,2,1,2,0,0,3,3,1,2,0,0,1,3,0,2,0,1,1,1,2,1,0,1,0,0,2,3,0,2,0,0,1,0,1,0,1,1,3,1,0,2,1,1,0,1,0,1,0,1,2,0,1,2
0,0,3,1,6,2,3,4,2,1,4,4,2,6,2,2,4,4,1,5,0,3,4,5,3,2,3,0,1,4,2,7,1,4,3,0,4,2,1,2,0,1,5,4,1,4,0,2,2,1,2,1,1,3,6,1,0,2,4,3,1,1,1,1,2,5,2,3,2,2
2,3,0,2,2,1,1,2,1,1,2,0,0,1,1,1,0,0,1,2,0,1,3,0,1,1,1,1,1,1,1,1,2,2,1,2,0,0,0,2,1,2,2,2,0,0,0,1,3,1,2,2,1,1,1,1,0,3,0,1,1,2,2,0,1,0,2,1,1,2
2,1,2,0,1,1,2,1,2,0,2,0,0,1,2,1,2,1,0,2,0,1,1,2,1,0,1,0,0,1,1,3,1,1,1,0,0,0,0,1,0,1,1,2,0,1,0,1,2,0,1,0,0,2,2,0,0,0,1,2,1,0,0,1,0,1,1,0,0,1
1,6,2,1,0,3,4,2,2,1,2,4,1,4,3,3,5,2,2,4,0,4,4,1,1,2,3,0,2,1,2,4,3,4,4,0,2,1,0,3,0,4,1,3,2,1,0,3,0,1,2,1,1,3,5,1,1,2,1,4,3,1,0,1,1,0,1,1,0,4
0,2,1,1,3,0,1,2,1,1,3,1,1,2,1,0,3,1,0,2,0,1,2,2,1,1,1,0,1,2,1,3,1,3,1,0,2,1,0,2,0,0,4,3,0,2,0,1,2,0,1,1,1,1,2,1,0,1,1,1,0,1,1,0,1,3,2,2,1,1
2,3,1,2,4,1,0,3,2,1,3,1,1,1,1,0,1,1,2,3,0,1,2,2,1,3,0,1,1,2,2,3,1,1,1,2,0,0,2,3,1,2,3,3,1,2,1,3,1,0,1,0,1,2,3,0,0,1,1,2,2,2,2,1,0,2,2,2,1,1
2,4,2,1,2,2,3,0,2,0,3,2,0,1,1,0,1,1,1,2,0,2,2,1,2,1,2,2,2,2,1,3,2,2,3,1,2,1,0,3,0,2,3,2,0,2,0,1,2,2,3,0,0,2,2,1,0,3,1,3,2,2,1,0,1,1,1,2,0,1
1,2,1,2,2,1,2,2,0,0,2,1,1,1,1,2,2,1,1,3,0,2,3,1,2,2,2,0,1,1,0,3,1,2,2,0,1,0,0,2,0,1,3,3,2,1,0,2,2,2,2,0,1,2,2,1,0,2,1,3,1,0,0,0,0,1,2,1,1,1
0,1,1,0,1,1,1,0,0,0,1,0,0,1,1,0,0,2,1,2,1,2,2,1,0,1,1,1,1,0,1,2,1,1,2,1,1,0,0,2,0,1,1,1,0,0,1,1,0,1,0,0,1,1,0,0,0,2,1,0,0,1,1,0,1,3,1,2,1,0
2,4,2,2,2,3,3,3,2,1,0,2,1,3,2,1,2,3,2,3,1,3,4,3,1,4,1,0,3,3,1,3,3,2,4,2,0,0,0,3,1,3,2,3,1,2,2,1,0,2,2,1,0,2,4,0,0,3,2,3,2,1,1,2,2,0,2,2,0,1
2,4,0,0,4,1,1,2,1,0,2,0,1,2,2,2,2,1,0,3,0,3,1,3,1,1,3,1,2,1,3,4,1,3,4,1,3,2,0,4,0,3,3,1,0,3,1,2,0,0,2,0,1,2,3,0,0,2,1,1,2,0,2,0,2,3,1,4,2,1
1,2,0,0,1,1,1,0,1,0,1,1,0,0,0,0,0,1,1,2,0,1,2,1,1,1,1,1,2,0,1,2,1,0,2,1,1,0,0,2,0,1,1,1,0,0,1,1,1,0,0,0,0,2,1,0,0,2,0,1,1,1,2,0,1,1,1,2,2,0
2,6,1,1,4,2,1,1,1,1,3,2,0,0,2,2,2,2,1,3,0,3,2,1,2,1,2,1,2,2,2,3,3,1,4,2,2,2,0,4,1,2,3,3,0,1,1,2,2,1,3,0,2,2,2,0,0,4,1,2,2,1,2,0,1,2,1,4,3,0
1,2,1,2,3,1,1,1,1,1,2,2,0,2,0,1,2,0,0,3,0,3,1,2,1,1,2,0,1,1,1,4,2,3,3,1,3,1,0,3,0,1,2,3,1,3,1,2,1,0,2,0,1,3,3,1,0,1,1,2,1,1,1,0,1,3,0,3,2,2
1,2,1,1,3,0,0,0,2,0,1,2,0,2,1,0,3,0,0,2,0,2,2,3,0,0,1,0,2,1,1,2,1,2,2,1,2,0,1,2,0,2,2,1,0,2,0,2,0,0,2,1,1,1,1,0,0,0,0,1,2,1,1,0,1,2,1,3,1,0
2,4,0,2,5,3,1,1,2,0,2,2,0,2,2,3,0,1,0,4,1,4,1,3,1,1,2,0,3,1,3,4,3,3,4,2,3,1,1,4,0,3,3,2,0,2,1,2,0,0,2,1,1,2,2,0,0,2,1,2,3,1,2,1,3,3,0,4,2,2
2,4,0,1,2,1,1,1,1,2,3,1,1,2,0,0,1,0,2,2,0,0,4,1,1,2,0,0,1,1,1,2,2,2,2,2,1,2,0,3,0,1,2,3,1,0,0,0,3,1,1,0,1,1,2,1,0,2,0,1,1,2,2,0,1,0,2,2,1,1
1,1,1,0,2,0,2,1,1,1,2,0,1,1,0,0,0,2,0,1,0,0,3,1,1,3,0,0,2,2,0,1,1,0,0,1,0,0,0,1,0,2,1,3,1,1,1,0,1,0,0,0,0,1,1,0,0,2,1,1,0,2,1,0,0,1,2,1,1,0
2,5,2,2,4,2,3,2,3,2,3,3,2,3,3,2,4,2,1,0,0,4,3,3,2,0,3,1,2,1,2,4,2,4,4,1,3,1,0,4,2,4,2,4,1,3,2,3,1,1,3,1,1,4,5,1,1,1,2,4,3,2,1,1,1,3,2,1,1,3
0,0,0,0,0,0,0,0,0,1,1,0,0,0,0,0,1,0,0,0,0,0,1,0,0,1,0,0,0,1,0,0,1,0,0,1,1,0,0,1,0,0,1,1,0,0,0,0,1,0,0,0,0,0,0,0,0,1,0,0,0,0,0,0,0,0,1,0,1,0
0,3,1,1,4,1,1,2,2,2,3,3,1,3,3,2,4,0,0,4,0,0,0,4,1,1,3,0,2,2,3,6,2,4,4,1,4,1,0,3,1,1,4,2,1,2,2,2,2,0,2,2,1,3,3,1,0,1,2,2,2,3,1,0,3,4,2,3,3,2
3,4,3,1,4,2,2,2,3,2,4,1,2,2,1,2,1,4,3,3,1,0,0,2,2,3,1,0,3,3,0,3,2,1,1,0,2,1,1,2,1,3,3,4,2,2,1,2,2,2,2,0,1,2,3,0,0,3,1,3,1,2,1,1,0,2,4,2,1,1
3,5,0,2,1,2,2,1,1,1,3,3,1,1,2,3,3,1,1,3,0,4,2,0,1,2,3,0,3,2,3,3,2,3,4,1,2,2,0,4,0,5,3,3,2,1,1,2,1,1,3,1,2,2,4,1,1,1,1,3,2,1,1,1,2,1,1,2,1,2
1,3,1,1,1,1,1,2,2,0,1,1,1,2,1,0,1,1,1,2,0,1,2,1,0,2,1,0,1,1,1,2,2,1,2,1,0,1,0,2,0,1,2,2,0,1,0,1,0,0,2,0,0,1,3,0,0,2,0,2,2,1,0,0,1,0,1,0,1,0
2,2,1,0,2,1,3,1,2,1,4,1,1,1,1,0,1,2,3,0,1,1,3,2,2,0,0,0,2,2,0,1,1,1,0,1,0,0,0,2,0,2,1,3,0,1,1,0,2,2,0,0,1,1,1,1,0,3,0,1,0,2,2,1,1,0,3,2,2,2
0,3,1,1,3,1,0,2,2,1,1,3,1,2,2,1,2,0,0,3,0,3,1,3,1,0,0,0,1,1,2,3,1,2,3,1,3,1,0,2,0,2,3,2,0,2,1,2,1,0,2,0,1,2,2,0,0,0,1,1,2,1,1,0,2,2,1,2,2,1
0,0,1,0,0,0,1,2,0,1,0,1,1,1,0,0,0,0,0,1,0,0,0,0,0,0,0,0,0,1,0,1,0,1,0,1,0,0,0,0,0,1,1,1,1,0,0,0,1,0,0,1,0,0,0,0,0,1,0,0,0,1,0,0,0,0,0,0,0,1
1,1,1,0,2,1,1,2,1,1,3,2,2,2,1,2,3,1,2,2,0,2,3,3,1,2,1,0,0,3,0,2,0,3,0,0,2,1,0,1,0,1,3,2,2,2,0,2,1,0,0,1,1,1,2,0,0,1,1,2,1,1,1,1,1,1,1,1,1,2
3,4,1,1,1,2,2,2,1,0,3,1,0,2,1,1,1,1,2,1,1,2,3,2,1,2,1,1,3,0,2,1,2,1,2,1,1,0,1,3,0,2,0,2,0,2,0,1,1,1,1,0,0,2,2,1,0,2,0,3,2,1,1,1,0,0,2,2,1,1
0,2,1,1,2,1,2,1,0,1,1,3,1,2,1,1,3,1,0,2,0,3,0,3,1,0,2,0,0,2,0,2,1,2,2,0,2,1,0,2,0,2,1,1,0,2,0,2,1,0,2,0,0,2,2,0,0,0,1,2,1,3,0,0,2,2,1,1,2,2
2,7,1,3,4,3,3,3,3,2,3,4,2,3,4,2,4,2,1,4,0,6,3,3,2,1,3,1,2,1,2,0,3,4,5,1,3,2,0,6,1,5,2,5,2,2,2,4,1,2,4,1,2,5,6,2,1,1,3,5,3,1,1,1,3,3,2,3,1,3
0,1,2,1,3,1,1,2,1,1,3,1,1,3,2,1,3,2,1,2,1,2,2,2,2,1,1,0,0,2,1,3,0,3,1,1,2,1,0,1,0,0,4,3,0,2,1,1,2,1,2,1,0,2,2,1,0,2,1,1,0,2,0,1,1,3,2,1,2,1
1,4,2,1,4,3,1,2,2,1,2,3,0,1,3,2,3,2,0,4,0,4,1,3,1,1,2,1,3,1,2,4,3,0,4,2,3,1,0,4,1,2,2,1,0,3,1,2,1,0,3,1,1,3,2,0,0,1,2,3,3,2,1,0,2,3,1,4,3,1
1,3,1,1,4,1,1,3,2,2,4,4,2,4,3,2,4,2,0,4,0,4,1,4,2,0,3,0,0,2,2,5,1,4,0,0,3,2,1,2,1,1,4,2,1,3,2,3,2,0,2,1,1,3,4,0,0,0,3,3,1,2,0,1,2,4,1,2,2,2
1,0,2,0,0,0,2,1,0,1,2,1,1,2,1,1,2,2,1,1,1,1,0,1,1,1,1,1,0,1,0,1,1,2,0,0,2,1,1,0,0,1,2,1,1,1,1,1,1,0,0,1,0,1,1,0,0,2,1,2,0,1,2,1,0,0,1,1,0,2
2,4,0,0,2,2,0,2,1,1,0,3,1,2,3,2,3,1,0,3,1,4,2,2,0,0,3,0,2,1,2,3,2,3,3,2,0,0,0,3,0,2,2,1,0,2,0,1,0,1,2,0,1,2,3,0,0,0,2,2,2,2,1,0,3,1,0,2,1,3
1,2,0,0,1,1,0,1,0,0,0,2,0,2,1,0,1,2,0,1,0,1,1,2,1,0,1,0,1,0,1,2,1,1,2,1,0,0,0,1,0,2,1,1,1,0,0,2,2,0,1,0,0,2,2,1,0,1,1,2,1,0,0,0,1,1,0,1,1,0
0,1,0,0,0,0,2,0,0,0,0,0,0,0,0,1,1,0,0,0,0,0,1,0,0,0,0,0,0,1,0,0,0,0,1,1,0,0,0,1,0,0,0,1,0,0,0,0,0,0,0,0,0,0,1,0,0,1,0,0,0,0,0,0,0,0,0,0,0,1
1,2,2,1,3,2,3,3,2,2,3,4,2,4,3,2,4,3,1,4,1,3,2,4,2,2,2,0,1,3,2,6,1,4,2,0,3,1,1,0,0,3,3,3,2,3,1,2,2,1,2,1,1,3,4,1,1,1,3,3,1,1,1,1,2,3,3,0,2,3
0,0,1,0,0,0,1,0,0,0,1,0,0,1,0,0,0,0,0,2,0,1,1,0,0,0,0,0,0,0,0,1,0,1,1,0,0,0,0,0,0,2,0,2,1,0,0,0,1,0,0,0,0,1,2,1,0,0,1,1,0,0,0,0,0,1,0,1,0,0
0,1,2,1,4,0,2,2,1,1,3,3,1,2,1,2,3,1,2,4,0,1,3,5,1,2,2,1,1,2,2,5,0,2,1,1,2,2,0,3,2,0,3,3,1,3,1,1,1,1,1,1,2,1,3,1,0,1,2,1,1,0,1,0,1,3,2,2,2,1
2,5,2,1,1,4,3,3,3,1,2,3,1,3,2,2,3,2,1,2,1,4,3,3,2,1,3,1,3,0,1,2,4,2,4,2,2,1,0,3,0,3,0,3,1,2,1,2,1,2,2,1,0,3,4,0,1,1,1,4,3,1,1,2,2,1,1,1,1,3
3,4,2,2,3,3,3,2,3,1,3,1,1,3,3,1,2,3,3,4,1,2,4,3,2,3,2,1,2,2,1,5,3,1,2,1,1,1,1,3,2,3,3,0,2,3,0,3,1,2,2,1,1,3,5,1,1,2,1,5,2,0,0,2,2,2,3,0,1,3
0,1,0,0,2,0,1,0,2,0,1,0,0,0,1,0,0,1,1,1,0,1,2,2,0,0,0,1,2,0,0,2,0,0,1,1,0,1,0,2,1,1,1,2,0,0,1,1,1,1,1,0,0,1,1,1,0,1,0,1,0,0,1,0,0,1,1,1,1,0
2,4,0,1,1,2,2,2,1,0,2,3,0,1,3,2,2,0,1,3,0,2,2,1,1,1,2,0,2,2,2,2,2,3,3,1,2,0,0,3,0,3,2,3,0,0,0,1,1,1,3,0,0,2,3,0,0,2,1,2,2,0,1,0,1,1,0,1,0,1
0,0,0,0,0,0,1,0,0,1,2,1,1,1,1,0,1,0,1,2,0,2,1,1,0,1,1,0,0,0,0,2,1,1,2,1,0,0,0,1,0,1,1,0,1,0,0,2,1,1,0,1,1,2,1,0,0,2,1,2,0,1,0,0,1,1,0,2,1,1
0,2,1,1,3,1,3,1,2,1,1,2,1,2,2,2,2,0,0,3,0,2,2,2,1,0,2,0,2,1,2,4,1,2,3,1,1,2,0,2,0,1,2,3,1,1,2,0,1,1,2,1,1,2,4,1,0,0,1,2,2,2,1,0,2,2,0,3,1,1
1,2,3,2,0,2,1,2,2,0,0,0,1,2,1,0,0,3,1,1,1,2,2,1,0,2,1,1,1,1,1,1,2,1,2,1,0,2,0,2,1,1,1,1,1,1,1,1,0,1,1,0,0,1,2,0,0,2,0,2,1,0,1,1,2,0,1,2,1,1
0,1,1,0,1,0,0,2,2,1,2,0,0,1,0,0,0,1,0,1,0,0,2,1,0,2,0,0,0,1,0,2,1,0,0,0,1,0,0,1,0,1,2,2,1,1,1,1,1,0,1,0,0,1,1,0,0,2,1,1,1,1,0,1,0,1,2,1,0,0
1,2,2,1,2,1,1,3,2,0,2,2,0,3,2,2,2,1,0,3,0,2,2,3,2,0,2,0,0,1,2,4,2,3,2,0,2,1,0,2,0,1,2,2,1,3,0,2,1,1,0,0,0,3,3,1,0,1,1,2,2,0,0,1,2,2,1,2,1,2
0,1,2,0,1,1,0,0,0,0,1,0,0,0,0,1,1,0,0,1,0,2,0,1,0,0,0,1,1,0,0,1,1,1,1,1,0,0,0,1,0,1,1,1,0,0,1,1,0,0,0,0,0,1,0,0,0,1,1,0,0,0,1,0,1,1,0,1,2,0
1,1,1,0,1,1,1,0,1,1,0,1,0,2,1,1,1,1,0,1,0,1,1,2,0,1,1,0,1,0,0,2,0,1,1,0,1,0,0,1,0,2,0,1,0,0,1,1,0,0,0,0,0,0,1,0,0,1,0,0,1,1,0,0,1,0,1,0,0,0
1,3,1,2,3,1,2,2,2,1,2,2,2,2,3,1,2,1,1,4,0,3,2,2,1,1,2,0,1,2,2,5,2,3,3,1,2,2,0,3,1,1,3,3,1,2,2,2,1,1,3,1,0,0,4,0,0,0,1,3,2,1,1,0,2,3,1,2,3,3
3,6,1,2,5,2,3,2,2,0,4,3,1,2,3,1,2,2,1,5,0,3,3,4,3,1,2,0,2,2,2,6,2,2,4,1,3,2,1,4,2,3,4,5,1,3,1,4,2,1,3,0,1,4,0,2,0,2,3,4,2,0,2,1,2,4,2,2,1,2
1,1,1,0,1,1,0,1,1,0,0,0,0,0,1,0,0,1,0,1,0,1,0,1,0,1,0,0,0,1,0,2,1,0,0,0,0,1,0,1,1,1,0,1,1,0,0,1,0,0,1,0,0,0,2,0,0,0,0,2,1,0,0,0,0,1,1,0,0,1
0,0,0,0,1,0,0,0,0,0,0,0,0,0,0,0,0,0,0,1,0,0,0,1,0,0,0,0,0,0,0,1,0,0,0,0,0,0,0,1,0,0,1,1,0,0,0,0,0,0,0,0,0,0,0,0,0,0,0,0,0,0,0,0,0,1,0,1,0,0
2,2,3,0,2,1,1,3,2,2,3,2,2,4,1,0,2,2,2,1,1,1,3,1,2,3,0,1,1,2,0,1,2,1,0,2,0,1,1,1,0,1,1,2,1,2,2,0,2,2,1,1,1,0,2,0,0,0,1,1,1,2,2,1,1,1,2,2,1,1
1,4,0,1,1,1,1,1,1,1,2,1,0,1,1,0,1,0,1,2,0,2,1,1,0,0,1,0,1,0,1,3,1,2,3,1,2,1,0,3,1,2,1,1,0,1,1,1,0,1,1,1,0,1,3,0,0,1,0,1,2,2,0,1,2,1,0,1,0,0
1,3,1,2,4,1,2,3,3,0,3,1,1,2,2,1,2,1,1,4,0,2,3,3,2,1,1,0,2,3,2,5,1,3,3,2,2,2,0,3,1,1,4,5,1,2,2,2,2,1,2,0,0,3,4,2,0,1,1,0,1,0,1,1,1,3,2,2,1,1
0,1,1,1,3,0,2,2,1,0,2,2,1,2,1,2,3,1,0,3,0,2,1,2,2,0,2,0,1,2,1,3,0,3,1,0,2,1,0,1,0,1,3,2,0,2,0,2,1,1,2,0,1,2,2,1,0,1,2,1,0,0,1,1,1,3,1,2,1,2
1,1,2,0,1,1,2,2,0,1,1,0,1,1,1,1,1,2,2,2,0,3,2,1,1,2,1,1,1,1,3,1,2,2,2,1,2,0,0,1,0,0,1,0,0,0,1,2,0,1,0,0,1,1,0,0,0,2,2,0,0,0,1,0,1,2,0,2,1,0
0,1,2,0,0,1,2,1,0,1,1,2,2,2,1,1,2,2,1,1,0,1,1,1,0,2,1,0,1,1,0,1,0,1,0,2,1,0,0,1,0,1,1,0,1,1,0,1,1,0,0,1,0,1,2,0,0,2,0,1,1,1,0,1,0,0,1,1,1,2
1,1,0,1,1,0,1,0,0,0,2,0,0,0,0,0,1,0,0,1,0,0,1,1,0,1,0,0,1,1,0,1,1,0,1,1,0,0,0,1,0,0,2,2,0,0,0,0,1,1,1,0,0,0,1,0,0,1,1,1,1,0,1,0,0,1,0,2,0,1
0,2,1,0,1,1,0,1,0,1,2,2,1,1,1,1,3,1,0,1,0,3,0,2,1,1,2,0,1,0,2,3,1,2,2,0,3,1,0,2,0,1,2,2,0,1,1,2,2,0,2,1,1,2,2,0,0,1,2,1,1,1,0,0,0,2,1,2,2,2
1,5,0,1,0,3,2,1,1,3,0,3,1,2,3,2,3,0,1,3,0,4,2,1,0,0,2,0,1,0,2,3,3,3,4,0,1,1,0,3,1,3,1,2,1,1,1,2,0,1,2,1,0,3,4,1,1,1,1,3,3,2,0,1,2,0,0,1,1,2
2,2,2,1,1,2,2,1,2,1,2,1,1,1,0,1,0,2,2,2,1,2,4,1,1,3,1,0,1,2,1,2,2,1,1,1,0,0,0,3,0,2,1,3,1,0,0,0,1,2,1,0,1,1,2,1,0,2,0,2,1,0,1,0,1,0,0,1,1,0
0,3,1,0,1,2,2,2,1,2,2,4,2,4,3,3,4,2,1,1,0,3,2,2,0,2,2,0,1,2,1,3,1,4,2,1,2,1,0,0,1,2,1,0,1,1,2,3,2,1,2,1,0,2,2,0,1,2,1,2,2,2,1,2,2,1,1,0,2,3
1,2,1,0,0,1,1,0,1,1,0,2,2,3,2,1,2,1,1,1,1,3,1,1,1,2,2,0,1,1,2,1,2,3,2,0,1,1,0,2,0,2,1,1,1,0,1,1,1,0,1,2,0,3,1,0,0,1,0,1,1,1,1,0,2,1,1,2,0,1
2,2,2,1,4,1,1,1,1,0,1,1,0,0,2,0,2,1,0,3,0,2,1,2,0,2,1,1,2,1,2,3,1,1,2,2,3,0,1,3,0,1,3,3,0,1,1,1,1,0,2,0,0,3,2,1,0,1,0,1,2,0,2,1,2,2,0,3,1,0
