70
11,30,40,65,14,41,70,51,52,63,58,13,17,23,59,54,28,12,15,46,30,48,33,8,70,15,4,45,59,46,68,61,59,12,21,19,3,36,60,65,63,63,44,17,49,2,62,49,8,29,48,67,29,61,43,35,45,29,19,10,63,67,20,60,44,61,24,53,16,37
0,1,1,1,2,0,1,1,0,0,0,0,0,0,0,0,1,2,1,1,1,1,2,2,0,1,1,2,1,0,2,2,1,0,0,1,0,1,0,1,0,0,1,1,1,1,1,0,0,2,1,2,1,0,2,1,2,1,1,1,1,1,1,1,0,0,0,1,1,1
1,0,1,1,2,1,1,0,1,2,3,1,1,1,0,0,2,1,1,1,2,3,2,1,1,1,1,2,2,1,1,1,3,1,1,1,1,0,1,1,0,3,2,1,1,1,0,1,1,2,0,3,2,1,2,2,2,0,1,1,2,2,0,2,1,0,1,2,1,2
1,1,0,1,0,2,0,1,0,2,0,0,1,0,0,1,1,1,1,2,1,0,0,0,1,0,1,0,2,0,2,1,1,1,1,0,1,0,1,1,1,1,1,1,1,0,0,1,0,0,0,0,0,1,2,1,1,0,1,0,0,1,0,1,1,1,0,1,2,1
1,1,1,0,0,0,0,0,1,0,0,0,1,0,1,0,0,0,1,1,1,0,0,0,0,0,0,2,0,0,0,2,0,1,0,1,0,0,1,1,0,0,0,1,0,0,0,0,1,1,1,0,0,0,1,0,1,2,2,0,0,1,0,0,1,0,0,1,1,1
2,2,0,0,0,1,0,0,0,1,1,0,0,1,0,0,1,1,0,2,0,0,0,1,1,0,1,1,0,1,0,0,0,1,0,0,0,0,1,1,0,2,1,1,0,1,2,2,1,0,1,0,1,1,1,1,0,1,1,1,1,1,0,2,0,0,0,2,0,2
0,1,2,0,1,0,1,1,0,0,1,1,0,1,0,0,1,1,0,0,0,1,1,2,0,0,0,1,1,2,1,1,2,1,0,1,1,1,0,0,0,1,1,0,0,1,0,0,0,0,1,1,0,1,0,1,0,0,0,1,1,1,0,0,0,0,1,1,0,0
1,1,0,0,0,1,0,0,1,1,1,0,0,1,1,0,0,0,1,0,0,0,0,1,1,0,0,0,0,1,0,1,2,1,0,0,0,0,0,1,0,2,0,0,0,0,0,0,1,1,1,0,1,2,0,0,0,1,0,0,1,0,1,2,0,1,0,2,0,1
1,0,1,0,0,1,0,0,0,0,0,1,1,0,0,0,0,2,0,1,0,0,0,0,0,0,0,0,0,0,2,0,1,1,0,0,1,0,1,0,0,1,1,1,0,1,0,1,0,0,0,0,1,0,0,0,0,0,0,0,1,0,0,1,0,1,0,0,1,0
0,1,0,1,0,0,1,0,0,1,1,1,0,2,1,0,1,1,1,0,1,1,0,0,0,0,0,1,1,2,0,0,2,1,0,0,2,0,1,0,0,1,1,1,0,1,1,0,1,0,0,1,0,1,1,1,1,1,1,1,1,1,1,2,0,0,0,2,0,0
0,2,2,0,1,0,1,0,1,0,2,0,1,0,1,0,1,1,0,2,0,2,1,0,0,1,1,1,2,0,2,2,3,0,1,1,0,0,0,1,1,2,0,0,0,0,0,0,0,2,1,0,0,1,0,0,1,1,1,1,1,1,0,0,1,1,0,1,1,2
0,3,0,0,1,1,1,0,1,2,0,1,1,1,0,0,1,0,0,1,1,2,0,1,1,0,1,1,2,1,0,0,2,0,0,1,1,0,1,1,0,2,1,1,0,1,1,1,1,0,1,1,1,2,2,3,2,1,1,0,2,2,0,2,1,0,1,2,2,2
0,1,0,0,0,1,0,1,1,0,1,0,0,0,1,0,0,1,0,0,0,1,0,2,1,1,0,0,1,1,1,0,3,1,0,1,0,1,2,0,0,2,0,1,0,1,1,0,0,0,0,2,1,1,0,0,0,1,1,0,0,1,1,0,0,0,1,2,0,1
0,1,1,1,0,0,0,1,0,1,1,0,0,1,0,0,0,1,0,0,1,0,0,0,0,0,0,1,0,0,1,1,0,1,1,1,1,0,0,0,0,0,0,1,0,1,0,0,0,0,0,0,0,0,0,0,1,0,1,0,1,0,0,1,0,1,0,0,1,0
0,1,0,0,1,1,1,0,2,0,1,0,1,0,0,0,1,1,0,0,1,2,2,1,0,0,2,1,2,1,0,1,2,1,0,1,0,0,0,1,0,1,1,0,0,0,0,1,0,1,0,2,0,0,0,0,1,0,1,1,1,2,0,0,0,1,0,0,1,1
0,0,0,1,0,0,1,0,1,1,0,1,0,0,0,1,0,0,0,0,1,0,0,1,0,0,0,0,2,0,0,0,2,1,0,0,0,0,0,1,0,1,0,1,0,0,1,0,0,0,0,2,1,1,0,0,1,1,1,1,0,1,0,1,0,1,0,2,0,1
0,0,1,0,0,0,0,0,0,0,0,0,0,0,1,0,1,0,0,0,0,0,0,0,1,0,1,1,0,1,0,0,1,1,0,0,0,0,0,0,0,0,0,0,0,0,0,0,0,1,1,1,0,0,0,0,0,1,1,0,0,0,0,0,0,0,0,0,1,0
1,2,1,0,1,1,0,0,1,1,1,0,0,1,0,1,0,0,1,2,1,1,0,1,1,1,2,2,1,0,1,0,0,0,0,0,0,0,0,2,0,1,1,1,1,0,1,1,0,1,0,1,1,0,2,1,1,1,1,0,2,2,0,0,2,0,1,1,2,2
2,1,1,0,1,1,0,2,1,1,0,1,1,1,0,0,0,0,0,0,1,0,1,1,1,0,0,1,1,0,0,1,2,2,0,1,1,2,1,0,2,1,1,2,0,1,0,0,1,1,0,2,1,1,0,1,1,1,1,1,2,1,0,2,0,1,1,2,0,2
1,1,1,1,0,0,1,0,1,0,0,0,0,0,0,0,1,0,0,2,1,0,0,0,0,0,0,1,0,0,0,0,2,1,0,1,1,0,0,1,0,1,0,0,0,0,1,0,1,0,0,1,0,2,1,0,1,1,1,0,0,1,0,0,1,0,0,0,1,2
1,1,2,1,2,0,0,1,0,2,1,0,0,0,0,0,2,0,2,0,1,1,1,1,0,1,0,1,1,0,2,1,2,1,1,1,1,2,0,1,0,2,2,1,1,0,2,2,0,0,0,2,1,2,2,1,1,0,2,0,0,2,0,0,1,0,0,1,1,3
1,2,1,1,0,0,0,0,1,0,1,0,1,1,1,0,1,1,1,1,0,1,2,0,0,0,1,1,0,1,0,1,0,1,0,0,0,0,0,2,1,2,1,2,0,0,1,1,0,2,0,1,0,1,1,1,1,2,1,0,0,2,1,1,1,1,1,1,1,2
1,3,0,0,0,1,0,0,1,2,2,1,0,2,0,0,1,0,0,1,1,0,0,1,0,0,1,0,1,1,0,0,1,0,0,1,1,0,1,0,0,2,2,1,0,1,1,1,1,0,1,0,1,2,1,1,2,1,1,0,1,1,0,2,0,0,0,2,0,2
2,2,0,0,0,1,0,0,0,1,0,0,0,2,0,0,0,1,0,1,2,0,0,1,1,0,1,1,1,0,0,0,1,1,0,2,0,1,1,1,0,2,0,1,1,0,2,1,0,0,1,0,1,1,1,1,1,1,1,1,1,0,0,2,0,0,0,1,2,2
2,1,0,0,1,2,1,0,0,0,1,2,0,1,1,0,1,1,0,1,0,1,1,0,0,2,1,1,1,0,0,1,2,0,0,1,0,1,1,1,0,3,1,1,0,0,0,2,0,0,1,1,2,1,2,1,1,1,0,1,2,3,1,1,1,0,0,1,2,2
0,1,1,0,1,0,1,0,0,0,1,1,0,0,0,1,1,1,0,0,0,0,1,0,0,0,1,1,1,0,1,0,0,0,0,0,1,0,0,1,0,0,2,0,1,0,0,0,0,0,0,0,0,0,0,1,0,0,0,0,0,0,1,0,0,0,0,0,0,0
1,1,0,0,0,0,0,0,0,1,0,1,0,0,0,0,1,0,0,1,0,0,0,2,0,0,0,1,1,0,0,0,1,2,0,1,0,0,0,0,0,1,1,0,0,1,0,0,0,0,0,1,0,1,0,0,1,0,0,0,1,1,0,0,0,0,0,1,1,0
1,1,1,0,1,0,0,0,0,1,1,0,0,2,0,1,2,0,0,0,1,1,1,1,1,0,0,2,1,0,1,0,1,1,0,0,1,0,0,2,0,1,0,1,1,0,1,1,1,1,0,1,1,1,1,2,2,1,1,0,1,1,0,0,1,0,1,1,2,2
2,2,0,2,1,1,0,0,1,1,1,0,1,1,0,1,2,1,1,1,1,0,1,1,1,1,2,0,1,1,0,1,1,1,0,2,0,0,1,1,0,1,0,3,1,1,1,1,0,2,0,1,2,1,2,2,2,1,3,1,2,1,0,2,1,0,1,3,1,2
1,2,2,0,0,1,0,0,1,2,2,1,0,2,2,0,1,1,0,1,0,1,1,1,1,1,1,1,0,0,0,1,1,2,0,0,0,1,1,1,0,2,1,2,1,0,1,1,0,1,2,1,1,2,1,1,1,2,1,0,1,1,1,1,1,0,2,2,1,3
0,1,0,0,1,2,1,0,2,0,1,1,0,1,0,1,0,0,0,0,1,1,0,0,0,0,0,1,0,0,0,1,0,0,0,0,0,0,0,2,0,1,0,0,0,0,0,0,0,1,1,1,0,1,0,0,0,1,0,0,2,0,1,1,0,0,0,1,0,0
2,1,2,0,0,1,0,2,0,2,0,1,1,0,0,0,1,0,0,2,0,0,0,0,1,0,1,0,0,0,0,0,1,1,0,0,1,2,1,1,1,1,2,1,1,0,2,1,0,0,0,1,1,0,1,1,1,1,1,1,1,2,0,2,1,0,1,1,1,2
2,1,1,2,0,1,1,0,0,2,0,0,1,1,0,0,0,1,0,1,1,0,0,1,0,0,0,1,1,1,0,0,1,1,0,0,1,0,1,1,0,1,1,3,0,0,1,0,0,1,0,0,1,1,2,1,0,1,1,0,1,1,0,1,0,0,0,2,1,1
1,3,1,0,0,2,2,1,2,3,2,3,0,2,2,1,0,2,2,2,0,1,1,2,0,1,1,1,1,0,1,1,0,0,0,1,1,0,2,3,0,3,2,1,2,1,2,1,1,1,1,1,2,3,1,0,1,2,1,1,1,2,1,4,2,0,2,2,1,2
0,1,1,1,1,1,1,1,1,0,0,1,1,1,1,1,0,2,1,1,1,0,1,0,0,2,1,1,2,0,1,1,0,0,0,1,0,0,0,2,0,1,1,0,1,0,1,1,1,2,1,1,0,2,1,2,2,1,0,1,0,1,2,1,0,0,0,1,1,0
0,1,1,0,0,0,0,0,0,1,0,0,1,0,0,0,0,0,0,1,0,0,0,0,0,0,0,0,0,0,0,0,0,0,0,1,0,0,0,0,1,0,1,0,0,0,0,0,0,0,0,1,0,0,0,0,0,0,1,0,0,0,0,0,0,0,0,0,0,0
1,1,0,1,0,1,0,0,0,1,1,1,1,1,0,0,0,1,1,1,0,1,2,1,0,1,0,2,0,0,0,0,1,1,1,0,1,0,2,1,0,1,0,2,0,1,0,1,0,2,0,1,1,1,1,1,1,0,1,0,1,1,0,1,0,0,0,3,1,1
0,1,1,0,0,1,0,1,2,0,1,0,1,0,0,0,0,1,1,1,0,1,0,0,1,0,1,0,0,0,1,1,1,0,0,1,0,1,0,2,0,1,0,1,1,1,1,0,0,1,0,0,0,0,1,2,1,1,1,1,0,0,0,1,0,1,0,0,0,0
1,0,0,0,0,1,0,0,0,0,0,1,0,0,0,0,0,2,0,2,0,0,1,1,0,0,0,0,1,0,2,0,0,0,0,0,1,0,1,1,1,1,0,0,0,0,0,0,0,0,0,0,0,0,0,0,2,0,1,0,0,0,1,0,0,0,0,0,1,0
0,1,1,1,1,0,0,1,1,0,1,2,0,0,0,0,0,1,0,0,0,1,1,1,0,0,0,1,1,0,1,1,2,0,0,2,0,1,0,2,0,1,0,0,0,1,0,0,0,1,0,0,1,1,1,1,1,1,1,1,1,1,0,0,1,0,0,0,1,1
1,1,1,1,1,0,1,0,0,1,1,0,0,1,1,0,2,0,1,1,2,0,1,1,1,0,2,1,1,2,1,1,3,2,0,1,2,1,2,0,0,0,0,1,1,1,1,1,1,1,0,1,1,0,2,2,1,1,0,1,1,1,1,0,0,0,1,3,2,2
0,0,1,0,0,0,0,0,0,1,0,0,0,0,0,0,0,2,0,0,1,0,0,0,0,0,0,0,0,0,1,0,0,0,1,0,0,1,0,0,0,0,0,0,0,0,0,0,0,0,1,0,0,0,0,0,0,0,2,1,0,0,1,0,0,0,0,0,0,0
0,3,1,0,2,1,2,1,1,2,2,2,0,1,1,0,1,1,1,2,2,2,2,3,0,1,1,1,2,1,1,1,3,1,0,1,1,1,1,0,0,0,0,1,1,0,0,1,1,1,1,3,1,2,1,1,2,1,1,1,2,2,0,1,1,0,0,2,1,2
1,2,1,0,1,1,0,1,1,0,1,0,0,1,0,0,1,1,0,2,1,2,0,1,2,1,0,0,1,0,2,1,2,1,1,0,0,0,0,0,0,0,0,0,1,0,0,1,1,0,0,1,1,0,0,0,1,1,0,1,1,0,0,1,0,1,1,1,1,2
1,1,1,1,1,0,0,1,1,0,1,1,1,0,1,0,1,2,0,1,2,1,1,1,0,0,1,3,2,0,1,3,1,0,0,2,1,0,0,1,0,1,0,0,0,1,1,1,1,2,0,1,1,0,1,2,1,1,1,1,1,2,1,0,1,0,0,1,3,1
1,1,1,0,0,0,0,0,0,0,0,0,0,0,0,0,1,0,0,1,0,0,1,0,1,0,1,1,1,0,1,0,2,1,0,0,1,0,0,1,0,1,1,0,0,0,1,1,0,1,0,1,0,0,0,1,1,1,1,0,1,1,0,0,1,0,0,1,1,2
1,1,0,0,1,1,0,1,1,0,1,1,1,0,0,0,0,1,0,0,0,1,0,0,0,1,0,1,0,0,0,0,1,0,0,1,1,0,1,1,0,0,0,1,0,0,0,1,0,1,1,0,0,1,0,0,1,0,1,0,2,0,0,1,0,0,1,2,0,0
1,0,0,0,2,0,0,0,1,0,1,1,0,0,1,0,1,0,1,2,1,1,2,0,0,0,1,1,1,0,2,1,2,1,0,0,1,0,0,1,0,0,0,1,1,0,0,0,0,1,0,2,0,0,1,1,1,0,0,1,1,1,1,1,0,0,0,0,1,0
0,1,1,0,2,0,0,1,0,0,1,0,0,1,0,0,1,0,0,2,1,1,1,2,0,0,1,1,1,0,1,0,1,1,0,1,0,0,0,1,0,1,1,1,1,1,0,0,1,1,0,1,1,0,1,1,1,0,0,0,0,1,1,0,0,0,1,1,1,2
0,1,0,1,1,0,1,0,1,0,1,0,0,0,0,0,0,1,1,0,0,1,0,0,0,0,1,0,0,0,0,0,1,1,0,0,0,0,0,1,0,1,1,1,0,0,0,1,0,1,0,0,1,0,0,2,1,0,0,0,1,2,0,0,0,0,1,1,0,1
2,2,0,1,0,0,1,0,0,2,0,0,0,1,0,1,1,1,0,0,2,0,0,0,0,0,1,2,1,1,0,1,1,2,0,2,1,0,1,1,0,1,0,2,1,1,1,1,1,0,1,2,1,1,1,1,1,1,1,1,1,0,1,1,0,0,0,2,2,1
1,0,0,1,1,1,1,0,0,1,1,0,0,0,0,1,0,0,0,0,0,1,1,1,0,0,0,0,2,1,0,0,1,1,0,0,0,0,0,0,1,1,0,0,0,1,0,0,0,1,0,2,0,1,0,0,1,0,1,1,0,1,0,1,0,0,0,1,0,0
2,3,0,0,0,1,0,0,1,0,1,2,0,2,2,1,1,2,1,2,1,0,0,1,0,1,1,1,1,1,1,0,1,1,1,1,0,0,0,1,0,3,1,1,1,0,2,1,0,2,2,0,1,1,1,0,1,2,0,2,0,1,1,1,0,0,0,0,1,1
1,2,0,0,1,0,1,1,0,0,1,1,0,0,1,0,1,1,0,1,0,1,1,2,0,0,1,2,1,0,1,1,2,0,0,1,0,0,1,1,0,1,1,1,0,0,0,1,1,1,0,1,0,1,1,1,1,1,0,0,1,1,0,1,1,0,0,1,1,1
0,1,1,0,1,1,2,0,1,1,2,1,0,0,1,0,0,1,2,2,1,2,1,1,0,1,1,1,2,1,0,1,3,2,0,1,0,0,1,0,0,2,0,0,0,1,0,0,0,1,1,1,1,0,0,0,1,0,0,2,2,2,0,1,1,0,0,1,1,1
2,2,2,1,1,0,0,0,1,0,2,0,0,0,0,0,2,0,1,2,1,1,1,2,0,0,1,2,1,0,1,2,1,1,0,1,1,0,1,2,0,1,0,1,0,0,1,1,0,1,0,1,1,0,0,2,2,1,2,0,2,2,0,0,0,0,0,1,2,2
1,2,1,0,1,1,0,0,1,0,3,0,0,0,0,0,1,1,0,1,1,1,1,1,1,0,2,2,1,0,1,1,0,2,0,1,2,0,1,2,0,1,0,2,1,0,1,1,2,1,0,0,1,0,2,0,3,2,2,0,1,2,0,1,1,0,1,2,1,2
2,2,1,1,0,0,0,0,1,1,2,0,1,1,1,0,1,1,1,1,1,2,1,1,0,1,2,2,1,0,1,0,1,2,0,1,1,2,1,1,0,2,1,1,1,1,1,1,1,1,1,1,1,1,2,3,0,0,1,1,2,2,0,1,0,0,1,3,1,2
1,0,0,2,1,0,1,0,1,1,1,1,0,0,1,1,1,1,1,0,2,1,1,1,0,0,1,1,2,1,1,1,2,1,0,0,1,0,1,1,0,1,1,1,1,0,0,0,0,1,0,2,1,0,1,2,0,0,1,2,2,2,0,1,0,0,1,1,0,1
1,1,1,2,1,0,0,0,1,1,1,1,1,1,1,1,1,1,1,2,1,1,1,0,0,0,1,3,1,0,1,1,1,0,1,1,1,1,1,0,2,1,0,1,1,1,0,0,0,1,1,0,0,0,2,2,1,1,0,1,2,2,1,1,1,0,1,1,1,1
1,1,0,0,1,1,0,0,1,1,0,0,0,1,1,0,0,1,0,0,0,0,1,1,0,0,0,1,0,0,1,0,1,1,0,0,1,0,1,1,1,1,1,1,0,0,1,0,0,1,1,2,0,2,0,0,1,2,1,0,0,1,1,1,0,0,0,1,0,1
1,2,0,0,1,1,1,1,1,1,2,0,1,1,0,0,2,2,0,0,0,1,1,2,0,1,1,2,1,2,1,1,1,0,0,1,0,0,1,1,0,2,1,1,1,2,1,0,1,1,0,0,1,2,2,1,2,2,2,0,0,2,0,2,1,1,0,2,1,1
1,2,1,1,1,1,0,0,1,1,2,1,0,2,1,0,2,1,1,2,2,1,0,3,0,1,1,1,1,0,2,1,2,1,0,1,0,0,1,1,0,2,0,2,1,0,1,1,2,0,1,1,1,2,2,2,2,2,2,1,2,0,0,1,2,1,1,3,1,2
1,0,0,0,0,0,1,0,1,0,0,1,0,0,0,0,0,0,0,0,1,0,0,1,1,0,0,0,1,1,0,0,1,2,0,0,0,1,0,1,1,0,0,1,0,0,1,1,0,1,0,1,0,0,0,0,0,0,1,1,0,0,0,0,0,0,1,1,0,1
1,2,1,0,2,0,2,1,2,0,2,0,1,0,1,0,0,2,0,0,1,2,2,1,0,0,0,2,1,1,2,1,4,1,0,1,1,0,0,0,0,1,1,0,0,1,1,0,0,1,1,1,1,1,0,1,1,1,1,1,2,1,0,0,1,1,0,1,2,1
0,1,1,1,0,0,0,0,0,1,1,0,0,0,0,0,2,0,1,1,1,0,0,1,0,0,1,1,1,0,1,0,2,0,0,0,0,0,1,0,0,1,0,1,1,0,0,0,0,0,0,0,1,1,0,1,0,0,1,0,1,2,0,1,0,0,0,1,0,1
0,0,1,0,0,0,1,1,0,1,0,0,1,1,1,0,0,1,0,0,1,0,0,0,0,0,0,0,0,0,0,0,0,0,0,0,1,0,0,0,0,0,1,0,0,0,0,0,0,0,0,0,0,0,0,0,0,0,0,0,1,1,0,1,0,0,1,0,0,0
0,1,0,0,0,1,0,0,0,0,1,1,0,0,0,0,1,1,0,0,1,0,0,0,0,0,1,1,2,0,1,0,2,0,0,0,0,0,0,1,0,0,1,0,0,1,0,1,1,0,0,0,0,0,0,1,1,1,1,0,0,1,1,0,0,1,0,1,1,1
1,2,1,1,2,1,2,0,2,1,2,2,0,0,2,0,1,2,0,1,1,2,1,1,0,1,1,3,2,1,1,2,2,1,0,3,0,0,0,3,0,2,1,1,1,2,0,1,1,2,1,0,1,1,1,2,3,1,1,1,2,3,1,1,1,0,1,0,2,2
1,1,2,1,0,0,0,1,0,1,2,0,1,1,0,1,2,0,1,1,1,0,2,2,0,1,2,1,1,0,1,1,1,1,0,1,0,1,1,2,0,1,1,3,1,0,1,1,0,2,0,1,1,1,2,1,1,0,1,0,1,1,0,2,0,0,1,2,0,2
1,2,1,1,2,0,1,0,0,2,2,1,0,1,1,0,2,2,2,3,2,2,2,2,0,0,2,2,3,0,2,1,2,0,0,1,0,0,1,2,0,2,2,1,2,0,0,2,1,1,0,1,1,1,2,2,2,1,1,1,1,2,1,1,1,0,1,2,2,0