75
71,59,29,37,8,65,40,12,73,24,19,10,35,45,28,54,4,52,73,75,39,17,69,57,24,70,68,31,19,16,13,70,65,23,65,6,57,30,66,40,45,48,35,71,31,48,68,32,40,49,71,45,66,3,8,36,15,54,30,26,26,55,56,51,24,27,14,69,34,12,53,57,59,54,26
0,0,2,1,2,1,1,1,0,2,2,1,1,2,2,2,0,1,1,2,2,0,2,1,1,1,0,4,2,1,1,2,0,0,3,0,1,0,0,0,1,5,1,1,2,1,4,1,3,0,1,1,1,0,1,1,1,1,3,1,1,1,0,1,0,1,1,1,2,0,2,1,3,2,0
0,0,2,2,1,1,0,1,1,0,1,0,0,1,1,1,0,1,2,0,1,0,0,0,2,1,1,2,2,1,0,1,0,2,0,0,0,1,1,2,1,1,1,1,0,0,0,2,0,1,2,0,2,1,2,3,1,1,2,1,0,1,0,0,0,0,1,0,1,0,0,1,0,1,1
2,2,0,3,5,2,1,1,1,1,1,1,0,0,1,1,1,1,1,1,2,2,4,0,2,0,0,4,2,2,2,3,1,2,1,1,2,2,3,1,2,2,2,2,2,2,3,1,4,2,1,1,2,1,3,3,0,2,2,0,1,1,1,2,2,1,1,2,1,2,2,1,3,2,2
1,2,3,0,4,1,1,0,1,0,0,0,1,1,2,2,1,1,1,0,1,1,3,1,2,2,0,1,0,2,1,0,1,3,0,0,1,2,2,1,2,0,0,2,2,1,3,1,2,2,0,1,1,1,2,3,1,0,1,0,0,1,2,1,1,1,1,1,1,1,1,0,0,2,2
2,1,5,4,0,3,2,2,2,3,3,2,2,2,2,3,0,3,2,2,1,0,5,1,2,1,1,4,2,3,1,5,2,1,4,1,1,2,2,2,4,5,1,2,2,3,5,2,6,1,3,2,0,0,4,4,2,2,2,1,2,2,1,2,0,1,1,2,2,1,2,2,5,3,3
1,1,2,1,3,0,1,0,1,0,0,0,0,1,1,1,0,1,1,1,0,1,2,0,1,0,1,3,1,0,1,1,1,2,0,1,1,1,2,2,0,1,0,1,1,1,0,2,1,1,0,0,3,1,1,1,0,1,0,0,0,1,1,1,1,1,1,1,0,1,2,0,1,0,1
1,0,1,1,2,1,0,1,0,2,1,1,0,1,1,1,0,1,1,1,1,0,2,0,2,0,0,2,1,0,2,2,0,0,2,0,1,0,1,0,1,3,1,1,2,1,2,2,2,0,1,1,0,0,1,1,2,2,1,1,1,1,1,2,0,1,1,1,1,1,1,1,3,2,1
1,1,1,0,2,0,1,0,0,1,0,0,0,0,1,0,0,0,1,1,0,1,2,0,1,1,0,0,1,1,0,1,0,0,1,0,0,1,2,1,1,1,0,2,1,1,0,1,2,1,0,2,1,0,0,1,1,1,2,0,0,0,1,2,1,1,0,1,0,1,1,0,0,2,1
0,1,1,1,2,1,0,0,0,0,1,0,0,0,1,1,1,0,0,0,1,0,1,0,0,1,0,1,1,2,0,1,0,1,0,0,0,0,1,1,1,0,1,1,1,0,1,1,1,1,0,0,2,1,1,2,1,1,1,0,0,0,1,1,0,0,1,1,1,0,0,0,1,1,2
2,0,1,0,3,0,2,1,0,0,1,0,0,1,1,1,0,1,1,0,1,0,1,0,1,1,0,2,2,1,0,1,1,1,0,1,0,1,1,1,0,2,1,1,1,1,0,1,2,0,0,0,2,0,1,0,0,0,1,1,1,0,0,0,1,1,0,1,1,1,1,0,1,0,0
2,1,1,0,3,0,1,0,1,1,0,0,1,2,1,1,1,2,0,0,2,1,2,0,2,0,1,1,1,1,1,1,2,2,1,2,0,1,2,1,2,2,0,3,1,2,2,3,1,1,1,0,3,1,3,0,2,0,0,0,1,2,1,1,0,1,2,1,2,1,0,1,1,2,0
1,0,1,0,2,0,1,0,0,0,0,0,0,1,0,0,1,2,0,0,0,0,1,0,1,0,0,1,1,0,0,0,0,1,0,1,0,1,1,0,0,1,0,1,0,1,0,1,1,1,0,0,1,0,1,0,0,0,0,0,0,1,0,0,0,0,0,1,0,1,0,0,0,0,0
1,0,0,1,2,0,0,0,0,0,1,0,0,0,1,1,0,0,0,0,1,0,0,1,0,1,0,1,1,0,0,1,0,0,0,1,0,0,1,1,0,0,0,1,0,2,0,1,0,1,0,0,1,0,0,0,0,0,1,0,0,1,0,0,1,0,0,2,0,0,1,0,0,0,1
2,1,0,1,2,1,1,0,0,1,2,1,0,0,2,1,0,1,1,0,2,0,1,0,1,1,0,2,3,1,0,0,0,2,1,1,0,0,1,1,0,1,0,1,0,1,1,2,1,0,0,1,3,0,0,1,1,0,2,1,1,1,0,1,1,1,0,1,1,2,1,0,0,1,0
2,1,1,2,2,1,1,1,1,1,1,0,1,2,0,1,0,2,1,0,3,0,0,0,2,0,1,2,2,2,0,1,0,3,2,1,1,0,2,1,0,3,0,1,1,2,1,3,1,0,0,0,3,3,1,1,1,1,1,1,0,1,0,1,0,1,2,0,0,1,1,0,1,1,0
2,1,1,2,3,1,1,0,1,1,1,0,1,1,1,0,0,1,1,0,2,1,1,0,2,0,1,2,2,1,1,1,1,3,1,1,1,1,3,1,1,2,0,2,2,2,1,3,2,1,0,0,3,1,2,1,1,1,1,0,0,2,1,1,1,1,2,1,0,1,1,0,1,2,2
0,0,1,1,0,0,0,0,1,0,1,1,0,0,0,0,0,0,2,1,0,0,2,0,1,0,0,1,0,1,0,1,0,0,1,0,0,0,0,0,1,1,1,0,1,1,1,0,1,1,1,0,0,1,0,1,0,1,0,0,0,1,0,0,0,0,1,0,0,0,0,0,1,0,1
1,1,1,1,3,1,1,0,0,1,2,2,0,1,2,1,0,0,2,1,1,0,2,0,0,1,0,3,3,2,0,2,1,1,1,1,0,0,1,1,1,2,0,0,1,1,2,1,2,0,1,0,1,1,1,1,1,1,2,1,1,0,0,1,1,1,0,2,2,1,2,1,1,1,1
1,2,1,1,2,1,1,1,0,1,0,0,0,1,1,1,2,2,0,1,1,0,1,0,1,1,0,1,0,1,0,2,0,1,0,0,0,1,1,1,1,1,0,1,0,1,0,1,1,1,0,0,1,1,2,2,1,0,1,0,0,0,1,1,1,0,2,0,0,0,1,0,0,1,1
2,0,1,0,2,1,1,1,0,0,0,0,0,0,0,0,1,1,1,0,0,0,1,0,0,0,0,1,1,0,0,0,0,1,0,1,1,1,1,0,0,1,1,2,0,1,0,0,1,1,1,0,0,1,1,1,0,1,0,1,0,0,0,0,1,1,0,0,0,0,1,0,1,0,0
2,1,2,1,1,0,1,0,1,1,2,0,1,2,3,2,0,1,1,0,0,1,1,0,1,1,1,2,3,0,0,1,0,1,0,2,0,0,1,0,1,2,2,2,2,0,2,1,0,1,0,0,2,1,2,2,1,0,1,1,2,1,1,0,0,1,2,2,1,0,1,1,1,2,2
0,0,2,1,0,1,0,1,0,0,1,0,0,0,0,1,0,0,0,0,1,0,1,0,1,0,0,1,1,0,0,1,0,0,0,0,1,1,0,0,0,0,1,0,0,0,1,0,2,0,0,0,0,1,1,1,0,0,0,0,0,0,0,0,0,0,0,0,1,0,0,1,1,0,0
2,0,4,3,5,2,2,2,1,1,2,1,0,1,0,1,2,2,1,1,1,1,0,0,1,1,0,5,3,2,1,4,1,3,1,1,2,2,2,1,2,3,2,3,1,3,2,0,5,3,3,0,2,2,3,3,2,2,1,1,1,1,1,2,2,1,1,3,1,2,2,2,4,1,2
1,0,0,1,1,0,0,0,0,0,0,0,1,0,0,0,0,0,0,0,0,0,0,0,0,0,0,2,0,0,0,1,0,1,0,0,0,1,0,0,0,0,1,0,1,0,0,0,1,0,0,0,0,0,0,0,0,0,0,1,0,0,0,0,1,1,1,0,0,0,0,0,0,0,0
1,2,2,2,2,1,2,1,0,1,2,1,0,1,2,2,1,0,1,0,1,1,1,0,0,1,0,4,3,1,0,3,0,1,1,1,1,0,1,0,2,2,1,1,2,3,2,1,1,0,1,1,1,0,1,1,1,1,2,1,1,0,1,1,1,1,1,2,2,1,1,1,2,2,1
1,1,0,2,1,0,0,1,1,1,0,0,1,1,0,0,0,1,1,0,1,0,1,0,1,0,1,1,0,1,0,0,0,1,0,0,1,0,1,1,0,2,1,1,2,1,2,1,1,0,0,0,1,1,1,1,2,2,1,0,0,0,0,0,0,0,1,0,0,0,0,0,1,1,0
0,1,0,0,1,1,0,0,0,0,1,0,0,0,1,1,0,0,0,0,1,0,0,0,0,1,0,1,1,0,0,0,0,0,0,1,0,1,0,0,1,0,0,0,0,0,0,0,0,0,0,0,1,0,0,1,1,0,1,0,0,0,1,0,0,0,0,0,0,0,0,0,0,1,0
4,2,4,1,4,3,2,0,1,2,1,1,1,2,2,2,1,3,1,1,2,1,5,2,4,1,1,0,2,3,1,2,2,3,3,1,2,4,3,2,2,5,1,5,3,3,4,2,5,3,1,1,1,0,3,2,1,1,3,2,1,2,2,1,2,2,2,3,2,2,2,1,3,3,2
2,2,2,0,2,1,1,1,1,2,1,1,1,3,2,2,0,3,0,1,3,1,3,0,3,0,1,2,0,2,1,1,1,2,2,1,1,2,2,2,2,3,0,2,2,3,4,3,4,1,1,1,2,1,3,1,1,1,2,1,1,3,1,0,1,2,2,2,1,2,1,1,3,3,1
1,1,2,2,3,0,0,1,2,1,1,0,0,1,2,1,1,2,1,0,0,0,2,0,1,1,0,3,2,0,0,2,0,1,1,2,0,0,2,0,1,2,1,1,0,2,1,1,2,1,2,1,1,1,2,1,1,2,0,1,0,1,0,0,1,1,0,1,1,1,0,1,2,1,1
1,0,2,1,1,1,2,0,0,0,1,0,0,0,0,1,0,0,0,0,0,0,1,0,0,0,0,1,1,0,0,2,0,0,0,0,0,1,1,1,1,1,1,0,0,1,1,0,1,0,0,0,0,0,1,1,0,1,0,0,0,0,1,0,1,1,0,1,0,1,0,0,1,0,1
2,1,3,0,5,1,2,1,1,1,1,0,1,0,1,1,1,2,2,0,1,1,4,1,3,0,0,2,1,2,2,0,1,2,1,1,1,2,3,2,2,2,1,4,1,2,2,1,3,2,0,1,2,0,2,1,2,1,2,0,1,1,2,2,2,1,2,2,0,1,2,0,1,2,1
0,0,1,1,2,1,0,0,0,1,2,0,0,0,0,1,0,1,0,0,0,0,1,0,0,0,0,2,1,0,0,1,0,0,1,1,0,1,0,0,1,1,0,0,1,0,1,0,1,0,1,0,1,1,1,1,0,0,0,0,0,1,0,0,0,0,0,1,0,0,1,0,1,0,1
0,2,2,3,1,2,0,0,1,1,2,1,0,2,3,3,0,1,1,1,1,0,3,1,1,1,0,3,2,1,0,2,0,0,2,1,1,1,0,0,1,2,0,1,2,1,3,1,2,2,1,1,2,1,2,2,1,1,2,1,1,0,1,0,0,0,1,2,2,0,2,1,2,2,2
3,0,1,0,4,0,2,1,0,0,1,0,0,1,2,1,1,1,0,0,0,0,1,0,1,0,0,3,2,1,0,1,1,2,0,1,1,1,2,1,1,2,1,1,0,2,1,2,1,1,1,0,2,0,1,1,1,1,1,1,0,0,0,1,2,1,0,2,0,1,2,1,0,2,1
0,0,1,0,1,1,0,0,0,1,2,1,1,1,1,1,0,1,0,1,2,0,1,0,1,0,1,1,1,2,0,1,1,1,1,0,0,0,1,1,1,1,0,0,1,1,1,1,1,0,1,0,0,1,1,1,1,0,1,0,0,1,0,1,0,0,0,0,0,0,1,0,2,1,0
1,0,2,1,1,1,1,0,0,0,0,0,0,0,1,1,0,0,0,1,0,1,2,0,1,1,0,2,1,0,0,1,0,1,1,0,0,0,1,0,0,1,1,0,1,0,1,0,1,1,0,0,1,0,1,0,0,1,1,1,0,0,0,0,1,0,0,1,0,0,0,1,1,0,0
0,1,2,2,2,1,0,1,0,1,1,1,0,0,0,1,0,0,1,1,0,1,2,1,0,0,1,4,2,0,1,2,1,1,1,0,0,0,1,2,1,2,0,1,0,0,1,0,2,0,1,1,1,1,1,2,0,1,1,0,0,0,0,1,0,0,0,1,1,1,1,1,2,1,1
0,1,3,2,2,2,1,2,1,1,2,1,1,1,2,3,0,1,1,1,1,0,2,0,1,1,0,3,2,2,1,3,0,0,2,1,1,1,0,1,3,3,1,2,1,2,4,1,3,0,2,1,0,0,3,3,1,1,2,0,1,1,0,1,0,1,1,2,2,1,1,1,3,2,2
0,2,1,1,2,2,0,1,1,1,1,0,1,1,1,1,0,1,1,0,0,0,1,0,0,1,0,2,2,0,1,2,0,0,1,1,0,2,1,0,1,2,0,1,0,1,2,1,2,0,1,1,1,0,1,1,1,1,1,0,1,1,0,2,1,1,0,0,1,0,1,1,2,1,0
1,1,2,2,4,0,1,1,1,0,2,0,0,0,0,1,1,1,1,0,1,0,2,0,2,0,1,2,2,1,1,2,1,1,1,1,0,1,3,1,0,0,0,1,1,1,1,1,2,1,1,0,2,1,1,2,0,1,0,0,1,1,1,1,1,1,0,1,1,1,1,1,1,0,0
5,1,2,0,5,1,3,1,0,2,2,1,0,1,3,2,1,2,1,1,2,0,3,0,2,2,0,5,3,2,1,2,1,2,2,1,1,2,3,2,0,0,2,2,1,3,1,3,2,1,1,1,4,1,2,0,2,1,2,1,1,1,1,2,3,2,1,3,1,1,3,1,1,1,0
1,1,2,0,1,0,1,0,1,1,0,0,0,0,0,0,1,0,0,1,2,1,2,1,1,1,0,1,0,1,1,1,0,0,1,0,1,0,1,0,0,2,0,2,2,0,1,0,1,1,0,1,1,0,1,0,0,0,1,0,0,0,0,1,0,0,1,0,0,0,1,0,1,1,0
1,1,2,2,2,1,1,2,1,1,3,1,1,1,1,2,0,0,1,2,2,0,3,0,1,1,0,5,2,1,0,4,0,1,1,0,0,1,2,1,1,2,2,0,2,2,3,1,3,0,1,1,4,1,0,2,1,2,2,1,1,0,0,1,1,1,0,2,2,0,2,1,2,1,1
2,0,2,2,2,1,2,1,1,1,1,0,0,0,1,2,1,1,0,0,2,0,1,1,2,2,0,3,2,0,0,1,1,2,0,1,1,0,1,0,1,1,2,2,0,2,0,1,1,1,2,1,2,1,1,1,1,0,2,2,0,1,0,0,1,1,1,2,1,1,1,0,0,1,1
1,0,2,1,3,1,1,1,0,1,2,1,2,1,2,2,1,1,1,1,0,0,3,0,3,1,0,3,3,2,1,2,0,1,2,1,0,0,2,1,1,3,0,2,2,0,2,3,2,1,1,1,2,0,2,1,0,1,1,0,1,2,1,1,1,0,2,2,1,1,1,1,2,1,0
4,0,3,3,5,0,2,0,1,0,2,0,0,1,1,1,1,2,0,0,2,1,2,0,2,2,0,4,4,1,1,2,1,3,1,1,1,1,4,2,1,1,1,3,0,2,0,2,1,1,2,0,2,1,1,2,0,2,1,1,0,1,1,1,2,1,0,2,0,2,2,0,0,1,1
1,2,1,1,2,2,2,1,1,1,3,1,1,2,3,3,0,1,1,0,1,0,0,0,1,1,0,2,3,1,0,1,0,1,2,1,0,0,1,1,1,3,0,1,1,3,2,0,2,0,1,0,3,2,2,2,2,0,2,0,2,1,0,1,0,0,1,2,2,2,1,1,2,2,0
3,0,4,2,6,1,2,2,1,2,1,1,0,1,1,2,1,2,1,1,0,2,5,1,1,1,0,5,4,2,1,3,1,2,1,1,1,2,3,2,2,2,1,3,1,2,1,2,0,2,2,1,3,1,2,2,0,2,1,1,1,1,1,2,3,2,0,3,1,1,3,1,2,2,1
0,1,2,2,1,1,0,1,1,0,1,1,1,0,0,1,1,0,1,1,1,0,3,0,0,0,0,3,1,1,0,2,0,2,1,0,1,0,0,0,1,1,1,0,1,1,1,0,2,0,1,1,1,1,1,2,0,1,0,0,0,0,0,0,0,0,0,1,1,0,1,1,1,1,1
1,2,1,0,3,0,1,0,0,0,1,0,0,0,0,0,1,1,0,1,0,0,3,0,1,0,0,1,1,2,0,0,1,1,1,1,0,1,2,1,1,1,0,1,2,1,2,1,2,1,0,0,1,1,1,1,0,0,1,1,0,0,1,1,1,0,1,1,0,1,1,0,0,2,1
1,0,1,1,2,0,1,2,0,0,0,0,0,1,0,0,0,0,0,0,0,0,0,0,1,0,0,1,1,1,0,1,0,1,0,0,0,1,1,1,0,1,1,1,1,1,0,0,1,1,0,0,0,0,2,1,0,1,0,1,0,0,0,1,1,1,0,0,0,0,1,0,0,0,0
1,2,2,1,0,3,0,1,2,2,3,1,1,3,3,3,0,1,1,0,2,0,2,0,1,1,1,1,2,1,0,2,1,2,2,0,1,1,0,1,2,4,1,4,2,2,2,3,3,1,1,0,0,1,3,1,1,0,2,0,2,1,1,0,0,1,3,1,2,1,1,1,4,3,1
0,1,1,1,0,1,0,0,1,0,1,0,0,0,3,1,1,1,1,1,1,1,2,0,0,1,0,0,1,1,0,0,1,1,0,1,0,1,0,0,1,1,0,1,1,0,1,2,1,1,1,0,1,0,1,1,0,0,2,0,2,1,0,1,0,0,0,1,1,0,0,0,0,1,1
1,2,3,2,4,1,1,0,1,1,3,1,0,0,1,2,0,1,2,1,2,1,3,0,1,1,0,3,3,2,1,2,1,2,1,1,1,1,3,1,1,2,1,0,1,2,1,2,2,1,1,2,3,1,0,1,0,1,1,0,1,0,0,1,1,1,0,2,1,1,2,1,1,1,1
1,3,3,3,4,1,1,1,2,0,0,0,0,1,1,1,1,1,2,1,2,1,3,0,1,1,1,2,1,1,1,1,1,2,1,1,0,2,3,1,2,0,0,2,1,1,2,2,2,2,1,1,1,1,1,0,1,1,2,0,1,1,2,2,1,1,1,1,1,1,2,1,1,1,2
1,1,0,1,2,0,2,1,1,0,2,0,0,1,1,1,0,1,1,0,1,0,2,0,1,2,1,1,1,1,0,2,0,1,1,1,0,0,1,1,0,2,0,1,1,0,0,2,0,0,0,0,1,0,0,1,0,1,1,1,0,0,0,0,1,1,1,1,1,0,1,0,0,1,0
1,1,2,0,2,1,2,1,1,0,0,0,0,0,1,1,1,1,0,1,0,0,2,0,1,2,0,1,1,2,1,1,0,1,1,0,1,1,1,1,1,1,0,2,0,1,2,0,2,1,0,1,0,0,1,1,1,0,2,0,0,0,1,1,1,1,0,1,0,1,2,0,1,2,1
3,2,2,1,2,0,1,2,1,1,0,0,1,2,1,1,0,2,1,0,1,0,1,0,2,1,1,3,2,0,0,2,0,2,1,1,1,1,2,1,0,2,1,2,2,1,1,2,1,0,1,0,2,2,1,2,1,2,0,2,0,0,0,1,1,1,1,1,0,0,1,1,0,1,0
1,1,0,0,1,0,1,0,0,1,0,0,0,1,1,0,0,1,0,1,1,0,1,1,1,0,0,2,1,1,0,0,0,1,1,0,1,0,0,0,0,1,0,1,2,0,1,0,1,0,1,1,0,0,0,0,1,0,2,0,0,0,0,0,1,0,0,0,0,0,0,0,1,1,0
1,0,1,0,2,0,1,0,0,1,1,0,0,1,0,0,0,1,0,0,2,0,1,0,1,0,0,1,1,0,0,1,0,1,0,0,0,0,1,1,1,1,0,1,0,1,0,2,1,0,0,0,2,2,1,1,0,0,0,0,0,1,1,1,1,1,1,1,0,1,1,0,1,1,0
1,1,1,1,2,1,1,0,0,0,2,1,1,1,1,2,1,0,0,0,1,0,1,0,0,0,0,2,3,1,0,1,1,0,0,1,0,0,1,1,1,1,0,0,1,2,1,1,1,0,0,0,1,1,0,1,0,0,0,0,1,0,0,1,0,0,1,2,1,1,1,1,1,0,0
0,0,1,2,1,1,1,1,1,0,1,0,0,0,0,1,0,0,1,0,1,0,1,0,1,0,1,2,1,0,1,2,0,1,0,0,0,0,0,0,1,1,0,0,0,1,1,0,1,0,1,0,1,0,0,2,0,1,0,0,1,0,0,0,0,0,0,0,1,0,1,1,1,1,1
1,0,2,1,2,1,2,2,1,0,1,0,0,1,1,1,0,1,1,0,0,0,2,0,1,0,0,1,0,0,0,2,0,0,1,1,0,1,1,2,1,2,1,1,0,1,1,1,2,0,1,1,0,1,1,2,0,1,1,0,1,1,0,0,1,1,0,0,1,0,0,1,1,0,0
0,0,2,1,0,1,0,1,0,1,0,0,1,1,0,1,0,1,1,1,0,0,2,1,1,0,0,2,1,1,1,2,0,0,2,0,1,0,0,1,1,3,0,1,1,1,2,0,3,0,1,1,0,0,1,1,1,1,1,1,1,0,0,1,0,1,1,1,1,0,1,1,2,2,0
1,0,1,1,1,1,1,1,0,1,1,0,0,1,1,1,0,1,0,1,1,0,1,1,1,0,0,2,2,1,1,1,0,0,1,0,0,0,1,1,1,2,0,1,1,0,1,0,2,0,0,1,1,0,1,1,1,1,1,0,1,0,0,1,1,0,1,1,1,0,2,1,2,1,0
1,1,1,1,1,1,1,0,1,0,2,0,0,0,2,2,1,0,2,0,2,0,1,1,1,1,0,2,2,0,0,2,0,1,0,0,0,0,1,0,0,1,1,0,1,2,0,1,0,0,1,0,3,0,0,1,1,0,1,0,1,1,0,0,1,1,0,1,2,0,1,0,0,0,0
1,0,2,1,2,1,1,1,1,1,1,1,2,1,0,1,0,2,0,0,2,0,3,0,2,0,0,3,2,1,1,2,1,2,2,0,1,1,2,0,1,3,0,2,2,2,2,2,3,1,1,0,1,1,2,1,1,1,1,0,1,2,0,0,1,1,1,0,1,2,2,2,2,2,0
2,1,1,1,2,0,1,0,1,1,2,0,0,1,0,0,0,2,0,0,1,1,1,0,2,0,0,2,1,1,0,0,0,2,0,0,0,1,2,1,1,1,0,2,1,1,0,2,1,1,0,0,2,1,1,1,1,0,0,0,0,1,1,1,1,1,2,1,0,1,1,0,0,2,2
0,0,2,1,1,1,1,1,0,1,1,1,0,2,1,1,0,1,0,0,0,0,2,0,1,0,0,2,2,1,1,1,0,0,1,0,0,1,1,0,1,1,0,0,1,1,2,2,1,0,1,0,1,0,1,1,0,1,0,0,1,1,0,0,0,0,0,2,1,0,0,1,1,0,0
2,0,2,1,2,2,1,1,0,1,0,0,1,1,1,1,0,2,1,1,1,0,2,0,1,0,0,2,1,0,0,2,1,2,2,1,0,1,1,1,1,3,1,2,1,1,2,1,3,1,1,1,1,0,2,2,1,2,1,0,1,1,1,0,1,2,1,2,1,0,0,1,2,2,0
1,1,1,0,2,0,1,0,0,0,1,0,0,0,0,0,0,1,0,0,1,1,2,0,1,0,0,1,1,1,0,0,0,1,1,0,1,1,1,1,1,1,0,1,0,1,0,1,1,1,0,0,1,0,1,1,0,0,1,0,0,1,1,1,1,1,0,2,0,1,1,0,0,1,0
3,0,3,0,5,1,3,0,1,1,1,0,0,0,1,1,1,1,0,1,1,1,4,0,2,1,0,3,3,2,1,1,1,2,0,2,1,2,3,2,1,1,1,2,0,2,0,2,2,1,0,0,4,0,1,1,0,1,0,1,1,1,1,1,2,2,0,2,0,1,2,0,0,1,0
2,1,2,2,3,0,2,2,1,0,2,0,0,1,1,2,0,1,1,0,2,0,1,0,2,1,1,3,3,1,0,2,0,2,2,1,0,1,2,1,0,1,1,1,1,1,1,2,2,1,2,0,3,1,1,1,1,2,1,1,1,0,1,0,2,1,0,2,2,0,2,1,1,0,0
0,1,2,2,3,1,1,1,2,0,0,0,1,0,0,2,1,1,1,0,2,0,2,0,1,0,0,2,1,1,1,1,1,2,1,0,0,1,2,0,0,0,0,1,1,0,1,0,1,1,1,0,1,1,1,2,0,1,0,0,0,0,1,0,0,0,0,0,2,0,0,0,0,0,0
