80
66,72,61,59,57,29,15,77,42,25,59,18,51,34,8,24,27,4,42,2,29,21,43,58,53,39,68,37,32,33,4,14,44,8,77,14,36,61,65,80,12,17,77,53,42,33,51,60,10,6,45,65,61,25,41,29,77,15,52,42,62,14,63,60,31,59,56,18,40,25,64,4,51,24,49,27,26,62,59,35
0,0,2,1,1,1,1,1,2,1,1,0,1,1,1,1,1,1,1,0,0,1,1,0,0,1,1,1,1,1,2,1,0,1,3,1,1,2,0,0,1,1,0,0,1,0,1,2,0,1,1,1,0,1,0,1,0,1,2,1,1,0,0,0,0,2,0,0,1,0,1,1,1,0,1,1,1,0,2,0
0,0,0,0,0,0,0,0,1,2,0,0,1,1,0,0,1,0,0,1,0,0,1,0,1,1,1,0,1,0,1,2,1,0,0,0,1,0,1,2,0,0,2,0,1,0,1,2,0,0,1,1,0,0,0,0,0,2,0,0,0,1,1,0,0,2,0,1,0,0,0,1,0,0,1,1,0,0,0,0
2,0,0,1,1,1,2,0,1,3,0,0,2,0,2,0,1,0,0,2,0,1,2,1,1,1,0,2,1,1,1,1,2,0,2,2,2,1,2,1,1,0,1,0,2,0,2,1,1,0,1,1,1,1,0,1,0,2,1,0,2,0,1,1,2,3,1,0,0,1,1,1,1,0,1,1,1,1,1,0
1,0,1,0,1,1,2,0,1,0,1,1,0,1,2,1,0,0,1,1,0,2,3,2,0,0,0,1,0,0,0,0,2,1,2,2,0,2,1,1,0,1,0,0,0,0,1,1,1,0,1,0,0,0,0,0,1,2,1,1,0,0,1,0,0,0,0,0,2,0,0,2,0,1,1,0,1,0,1,1
1,0,1,1,0,3,0,1,3,3,1,0,3,0,2,0,1,1,1,1,1,2,3,1,0,1,1,0,1,0,1,3,1,0,2,2,1,1,2,2,2,2,2,1,2,1,2,4,1,1,3,1,1,1,0,1,2,2,1,0,2,0,1,1,0,3,0,1,1,0,2,0,1,1,2,2,1,0,0,0
1,0,1,1,3,0,1,1,4,3,1,0,2,0,3,1,2,0,1,3,1,2,3,3,1,3,1,2,0,1,1,3,3,0,3,3,3,0,2,1,3,2,2,1,2,0,3,4,1,1,3,0,2,2,1,1,1,4,2,1,2,1,3,2,1,4,0,1,2,0,1,0,2,1,4,2,1,2,0,0
1,0,2,2,0,1,0,1,1,2,1,1,1,2,0,1,1,1,1,0,0,1,1,1,0,1,1,0,1,2,1,1,1,1,2,2,1,1,0,1,1,1,0,0,0,0,0,2,1,1,0,1,1,1,1,0,1,0,0,0,1,0,0,1,0,1,1,0,2,0,0,1,2,1,0,1,1,0,2,0
1,0,0,0,1,1,1,0,2,2,0,0,1,0,1,0,1,0,0,2,0,1,2,1,1,2,1,0,0,1,1,2,3,0,1,1,2,0,1,1,2,1,2,0,1,1,1,3,1,0,2,2,2,1,0,0,1,2,1,0,1,0,2,1,0,3,0,1,1,0,0,0,1,1,2,1,1,1,1,0
2,1,1,1,3,4,1,2,0,3,0,1,2,1,3,1,2,1,2,3,2,2,5,3,0,2,2,1,1,2,3,3,3,1,3,3,2,2,3,3,3,3,4,1,2,1,4,7,1,1,3,3,3,2,0,1,1,4,2,0,2,2,3,2,0,4,1,1,3,0,1,1,2,2,4,3,0,0,1,1
1,2,3,0,3,3,2,2,3,0,1,1,3,2,3,1,1,0,2,3,1,1,4,2,1,1,1,0,2,2,1,3,3,1,2,2,1,2,3,3,3,3,4,2,2,1,3,5,1,2,3,3,2,2,1,2,1,4,2,1,1,2,2,1,1,2,1,1,2,0,1,0,2,2,4,3,1,0,2,1
1,0,0,1,1,1,1,0,0,1,0,0,0,1,1,0,0,0,0,1,0,0,1,0,0,0,0,1,0,1,1,0,1,0,2,0,0,1,1,0,0,0,1,0,1,0,1,1,1,0,0,0,0,0,0,0,0,1,1,0,1,0,0,2,1,1,0,0,0,0,0,0,0,0,0,1,0,0,1,0
0,0,0,1,0,0,1,0,1,1,0,0,1,1,0,1,1,0,1,1,0,0,1,0,1,1,1,1,1,1,1,1,1,0,1,0,1,0,1,2,1,0,2,0,1,0,1,2,1,0,1,0,1,1,0,0,0,1,0,0,1,0,1,0,0,1,0,1,0,0,0,0,0,0,1,1,0,0,0,0
1,1,2,0,3,2,1,1,2,3,0,1,0,1,2,1,2,0,1,4,0,1,3,2,1,2,1,1,1,2,2,3,4,0,2,1,2,1,2,2,2,1,2,1,2,0,3,4,2,1,3,1,2,1,0,0,0,4,1,1,1,1,3,1,0,3,0,1,1,0,0,1,0,1,4,2,0,1,1,0
1,1,0,1,0,0,2,0,1,2,1,1,1,0,1,1,0,0,1,1,0,0,1,1,0,0,0,1,2,2,1,1,1,1,0,1,1,0,2,2,0,0,1,0,1,1,1,1,2,0,2,1,0,0,0,0,1,0,0,1,1,0,1,1,0,2,2,2,1,1,0,2,1,0,2,2,0,0,0,0
1,0,2,2,2,3,0,1,3,3,1,0,2,1,0,0,1,0,0,1,1,3,2,2,0,1,2,0,0,1,1,3,1,0,3,4,2,2,2,2,2,2,2,0,3,1,2,3,1,1,3,1,3,3,0,2,2,3,1,0,3,0,1,2,1,4,0,1,2,0,1,1,2,1,2,2,1,0,0,1
1,0,0,1,0,1,1,0,1,1,0,1,1,1,0,0,0,0,0,0,0,0,1,0,0,0,0,1,0,0,0,0,1,1,0,0,0,0,1,1,1,0,1,1,1,0,1,0,1,0,0,1,0,1,0,1,0,0,0,0,1,1,0,1,0,1,0,0,0,1,0,0,1,0,0,1,0,0,1,0
1,1,1,0,1,2,1,1,2,1,0,1,2,0,1,0,0,0,1,1,1,1,2,1,0,0,1,0,0,1,1,1,0,1,2,1,0,1,1,1,1,1,2,1,0,1,1,2,0,1,1,2,1,0,0,1,1,1,2,0,1,1,0,0,0,1,1,0,1,0,1,0,1,1,1,1,0,0,0,1
1,0,0,0,1,0,1,0,1,0,0,0,0,0,0,0,0,0,0,0,0,0,1,0,0,1,0,0,0,1,0,1,0,0,0,0,1,1,0,1,0,2,0,0,0,0,1,1,0,0,0,0,1,0,1,0,1,0,0,0,0,0,0,1,0,0,0,0,1,0,0,0,0,1,1,1,0,0,0,0
1,0,0,1,1,1,1,0,2,2,0,1,1,1,0,0,1,0,0,1,0,1,1,2,0,1,1,0,0,0,0,1,1,1,1,1,1,0,2,2,2,0,2,0,2,1,1,2,2,1,2,1,1,1,0,1,0,1,0,0,2,0,1,0,1,3,1,0,0,0,0,0,1,0,2,0,0,0,1,0
0,1,2,1,1,3,0,2,3,3,1,1,4,1,1,0,1,0,1,0,1,2,2,2,0,1,1,0,1,0,0,2,1,2,3,3,1,1,3,3,2,2,2,1,2,1,2,3,2,1,3,2,2,2,0,2,1,2,1,0,2,1,2,1,1,3,1,0,1,0,1,0,2,1,2,3,1,0,0,1
0,0,0,0,1,1,0,0,2,1,0,0,0,0,1,0,1,0,0,1,0,1,2,0,0,0,0,0,0,0,0,1,1,0,2,0,0,0,1,1,1,0,0,0,1,0,2,2,1,0,1,0,1,1,0,0,0,1,0,0,1,0,1,0,0,1,0,1,0,0,0,0,0,0,1,0,0,0,0,0
1,0,1,2,2,2,1,1,2,1,0,0,1,0,3,0,1,0,1,2,1,0,3,1,0,1,1,1,0,1,1,1,2,0,2,1,1,1,1,2,2,2,2,1,1,1,2,3,1,1,2,2,1,1,0,1,0,2,2,0,1,0,1,1,0,2,1,1,1,0,2,0,1,1,2,2,0,0,1,0
1,1,2,3,3,3,1,2,5,4,1,1,3,1,2,1,2,1,1,2,2,3,0,2,0,2,2,2,1,1,2,4,2,1,4,3,3,2,2,2,3,2,3,1,3,1,2,6,2,1,3,3,3,3,0,2,1,3,3,0,3,1,3,2,2,6,1,1,2,1,1,0,3,1,3,2,2,1,1,0
0,0,1,2,1,3,1,1,3,2,0,0,2,1,2,0,1,0,2,2,0,1,2,0,0,1,1,1,0,2,1,3,1,0,1,3,2,1,2,2,2,2,2,1,2,1,1,3,1,1,2,2,2,2,0,1,1,2,1,0,2,2,1,2,1,3,2,1,2,0,1,0,1,1,3,2,0,0,0,0
0,1,1,0,0,1,0,1,0,1,0,1,1,0,0,0,0,0,0,0,0,0,0,0,0,0,0,0,0,0,0,0,0,0,1,2,0,0,0,0,0,0,0,0,0,0,0,1,1,1,0,1,0,0,0,0,0,1,0,0,0,0,0,0,0,1,0,0,0,0,0,0,1,1,0,0,0,0,0,0
1,1,1,0,1,3,1,2,2,1,0,1,2,0,1,0,0,1,1,1,0,1,2,1,0,0,0,0,0,1,1,1,0,0,1,2,0,2,1,1,1,2,1,1,1,1,1,2,0,1,1,2,1,2,0,1,0,1,2,0,1,1,1,0,1,2,1,0,2,0,1,0,2,1,1,1,0,0,1,1
1,1,0,0,1,1,1,1,2,1,0,1,1,0,2,0,1,0,1,1,0,1,2,1,0,0,0,0,0,0,0,1,1,0,2,1,1,0,1,2,0,2,1,0,1,0,2,2,1,1,1,0,1,1,0,0,0,2,1,0,1,0,1,1,0,1,0,1,1,0,0,0,1,0,2,1,0,0,1,1
1,0,2,1,0,2,0,0,1,0,1,1,1,1,0,1,0,0,0,0,0,1,2,1,0,0,0,0,0,0,0,0,1,0,2,2,0,2,0,0,0,1,0,0,0,0,0,0,0,1,0,0,0,0,0,0,0,0,0,1,0,0,0,1,0,0,1,0,1,0,0,1,1,1,1,1,1,0,0,0
1,1,1,0,1,0,1,0,1,2,0,1,1,2,0,0,0,0,0,1,0,0,1,0,0,0,0,0,0,0,0,0,1,0,0,1,0,0,2,1,0,1,2,0,0,0,2,0,3,0,1,1,1,2,0,0,0,0,1,1,1,0,1,0,1,2,1,1,1,0,0,0,0,0,1,0,1,1,1,0
1,0,1,0,0,1,2,1,2,2,1,1,2,2,1,0,1,1,0,0,0,1,1,2,0,1,0,0,0,0,1,1,0,0,1,3,1,0,0,0,1,1,0,0,2,1,0,2,0,1,0,1,1,1,0,1,1,1,1,0,1,0,1,1,1,2,0,1,2,0,1,0,2,0,0,0,1,0,0,0
2,1,1,0,1,1,1,1,3,1,1,1,2,1,1,0,1,0,0,0,0,1,2,1,0,1,0,0,0,1,0,1,1,0,2,2,0,1,1,1,1,1,0,0,1,0,2,2,1,1,2,1,1,1,0,1,1,1,0,0,1,0,0,0,0,2,1,0,1,0,0,0,2,1,1,0,1,0,0,0
1,2,1,0,3,3,1,2,3,3,0,1,3,1,3,0,1,1,1,2,1,1,4,3,0,1,1,0,0,1,1,0,1,1,3,3,1,2,2,2,3,2,3,1,2,1,3,4,2,2,3,3,2,2,0,2,1,3,2,1,2,1,2,0,1,3,2,1,1,0,1,0,2,2,3,2,0,0,1,1
0,1,2,2,1,3,1,3,3,3,1,1,4,1,1,1,0,0,1,1,1,2,2,1,0,0,1,1,1,0,1,1,0,2,2,3,0,3,2,2,2,2,3,1,1,1,1,3,1,1,2,3,1,1,0,2,1,2,2,0,3,1,1,1,1,3,1,1,3,0,1,1,3,2,2,3,1,0,0,1
1,0,0,1,0,0,1,0,1,1,0,0,0,1,0,1,1,0,1,2,0,0,1,0,0,0,0,0,0,0,0,1,2,0,0,0,1,0,1,0,1,0,0,0,1,0,2,2,1,0,1,0,1,2,0,0,0,1,0,0,2,1,1,0,1,1,0,0,0,0,0,0,0,0,1,0,0,0,0,0
3,0,2,2,2,3,2,1,3,2,2,1,2,0,3,0,2,0,1,3,2,2,4,1,1,1,2,2,0,1,2,3,2,0,0,1,2,2,1,1,2,2,1,1,1,0,3,4,2,1,2,2,1,1,0,1,1,3,2,0,1,1,2,1,0,2,0,0,3,1,0,1,1,1,2,3,1,0,2,1
1,0,2,2,2,3,2,1,3,2,0,0,1,1,4,0,1,0,1,3,0,1,3,3,2,2,1,2,1,3,2,3,3,0,1,0,3,2,1,1,1,2,2,0,1,1,3,3,1,1,3,2,2,1,1,1,1,3,1,0,1,1,2,2,0,3,0,2,2,1,0,1,1,1,3,2,0,0,1,0
1,1,2,0,1,3,1,2,2,1,0,1,2,1,2,0,0,1,1,1,0,1,3,2,0,0,1,0,0,1,0,1,0,1,2,3,0,2,1,1,1,2,2,0,1,1,2,2,1,1,1,2,1,0,0,1,1,1,2,0,1,0,0,0,1,1,1,0,1,0,1,0,2,2,2,1,1,0,0,1
2,0,1,2,1,0,1,0,2,2,1,0,1,0,2,0,1,1,0,1,0,1,2,1,0,2,0,2,0,0,1,2,3,0,2,2,2,0,1,1,1,0,0,0,2,0,2,2,1,1,2,0,1,1,0,0,0,2,0,0,1,0,1,1,0,2,0,1,0,0,0,0,1,1,2,0,1,0,1,0
0,1,2,1,2,2,0,1,3,3,1,1,2,2,2,1,1,0,2,3,1,1,2,2,0,1,1,0,2,0,1,2,2,1,1,1,1,1,0,2,3,2,3,1,2,1,2,3,2,1,3,2,2,2,1,1,1,2,1,1,2,2,3,0,1,4,0,1,2,0,1,1,2,2,3,1,0,0,0,1
0,2,1,1,2,1,1,1,3,3,0,2,2,2,2,1,1,1,2,3,1,2,2,2,0,1,2,0,1,0,1,2,2,0,1,1,1,1,2,0,2,2,3,1,2,0,2,2,3,1,4,1,2,1,2,1,0,2,1,1,1,1,2,0,0,3,1,2,0,0,0,1,1,2,4,1,0,1,0,1
1,0,1,0,2,3,1,2,3,3,0,1,2,0,2,1,1,0,2,2,1,2,3,2,0,1,0,0,0,1,1,3,2,1,2,1,1,1,3,2,0,2,2,1,2,1,3,4,1,1,3,1,1,2,0,2,1,3,1,0,2,2,2,0,1,4,1,1,1,0,1,0,1,2,3,1,0,1,1,0
1,0,0,1,2,2,1,1,3,3,0,0,1,0,2,0,1,2,0,2,0,2,2,2,0,2,2,1,1,1,1,2,2,0,2,2,2,0,2,2,2,0,2,0,2,1,2,4,0,1,3,2,2,1,0,1,1,2,1,0,1,1,2,1,0,4,1,1,2,0,1,0,1,1,2,2,1,0,0,0
0,2,1,0,2,2,0,2,4,4,1,2,2,1,2,1,2,0,2,2,0,2,3,2,0,1,1,0,2,0,0,3,3,0,1,2,2,0,3,3,2,2,0,2,2,1,3,4,3,1,4,3,2,2,0,1,0,2,0,2,2,2,2,1,0,4,2,1,1,0,1,1,1,1,4,2,0,0,0,0
0,0,0,0,1,1,0,0,1,2,0,0,1,0,0,1,1,0,0,1,0,1,1,1,0,1,0,0,0,0,0,1,1,0,1,0,0,0,1,1,1,0,2,0,2,0,1,1,1,0,1,1,1,1,0,0,0,1,0,0,1,0,1,1,0,3,0,0,0,0,0,0,1,1,2,0,0,0,0,0
1,1,2,0,2,2,0,1,2,2,1,1,2,1,3,1,0,0,2,2,1,1,3,2,0,1,1,0,0,2,1,2,1,1,1,1,1,2,2,2,2,2,2,2,0,1,3,3,1,2,2,3,1,1,0,1,1,2,2,1,1,2,2,1,0,2,0,0,1,0,0,0,1,1,3,3,0,0,1,0
0,0,0,0,1,0,0,1,1,1,0,0,0,1,1,0,1,0,1,1,0,1,1,1,0,1,0,0,0,1,0,1,1,0,0,1,1,0,1,0,1,1,1,0,1,0,1,1,1,0,2,0,1,1,0,0,0,1,0,0,2,0,1,1,0,2,0,1,0,0,0,0,0,0,2,0,0,0,0,0
1,1,2,1,2,3,0,1,4,3,1,1,3,1,2,1,1,1,1,2,2,2,2,1,0,1,2,0,2,0,2,3,1,2,3,3,2,2,2,2,3,2,3,1,3,1,0,4,1,2,3,3,2,2,0,2,0,2,1,1,2,1,2,1,0,4,1,2,2,0,1,0,3,1,2,2,1,0,0,1
2,2,1,1,4,4,2,3,7,5,1,2,4,1,3,0,2,1,2,3,2,3,6,3,1,2,2,0,0,2,2,4,3,2,4,3,2,2,3,2,4,4,4,1,3,1,4,0,2,2,5,3,4,4,0,1,2,5,2,2,3,2,3,2,1,6,1,1,2,0,2,0,2,3,4,4,1,0,0,1
0,0,1,1,1,1,1,1,1,1,1,1,2,2,1,1,0,0,2,2,1,1,2,1,1,0,1,0,3,0,1,2,1,1,2,1,1,1,2,3,1,0,3,1,1,1,1,2,0,0,2,1,1,1,1,1,0,2,1,1,1,1,2,0,1,2,1,1,0,0,1,0,1,1,3,1,1,0,0,1
1,0,0,0,1,1,1,0,1,2,0,0,1,0,1,0,1,0,1,1,0,1,1,1,1,1,1,1,0,1,1,2,1,0,1,1,1,1,1,1,1,1,1,0,2,0,2,2,0,0,1,0,1,1,0,0,1,1,1,0,1,1,1,1,0,3,0,1,1,0,0,0,0,0,2,1,0,0,0,0
1,1,1,1,3,3,0,2,3,3,0,1,3,2,3,0,1,0,2,3,1,2,3,2,0,1,1,0,1,0,2,3,2,1,2,3,1,2,3,4,3,3,4,1,2,2,3,5,2,1,0,3,2,2,1,1,1,3,2,0,2,1,2,1,2,4,1,2,2,0,1,0,2,2,3,3,0,0,0,1
1,1,1,0,1,0,1,2,3,3,0,0,1,1,1,1,2,0,1,2,0,2,3,2,1,2,0,0,1,1,1,3,3,0,2,2,2,0,2,1,1,2,3,1,3,0,3,3,1,0,3,0,3,2,0,0,1,3,0,1,2,1,2,2,0,3,0,1,1,0,0,0,1,2,4,2,0,0,0,0
0,0,1,0,1,2,1,2,3,2,0,1,2,0,3,0,1,1,1,2,1,1,3,2,0,1,1,0,1,1,1,2,1,1,1,2,1,1,2,2,1,2,2,1,1,1,2,4,1,1,2,3,0,0,0,1,1,2,2,0,1,1,2,1,1,2,1,0,1,0,1,0,2,1,2,2,0,0,1,1
1,0,1,0,1,2,1,1,2,2,0,1,1,0,3,1,0,0,1,2,1,1,3,2,0,2,1,0,2,1,1,2,1,2,1,1,0,1,2,1,2,1,2,1,1,1,2,4,1,1,2,2,0,0,0,1,1,3,2,1,0,2,2,1,0,2,1,0,1,0,1,0,1,1,2,1,0,1,1,1
0,0,0,0,0,1,1,0,0,1,0,0,0,0,0,0,0,1,0,0,0,0,0,0,0,0,0,0,0,0,0,0,0,0,0,1,0,0,1,2,0,0,0,0,0,0,0,0,1,0,1,0,0,0,0,0,0,0,0,0,0,0,0,0,0,0,0,0,0,0,0,0,0,0,0,0,0,0,0,0
1,0,1,0,1,1,0,0,1,2,0,0,0,0,2,1,1,0,1,2,0,1,2,1,0,1,0,0,0,1,1,2,2,0,1,1,1,0,1,1,2,1,1,0,1,0,2,1,1,0,1,0,1,1,0,0,0,2,1,0,1,1,1,1,0,2,0,1,0,0,0,0,0,0,2,2,0,0,0,0
0,0,0,1,2,1,1,1,1,1,0,0,0,1,2,0,1,1,0,1,0,0,1,1,0,0,0,0,0,1,1,1,1,0,1,1,1,0,1,0,1,1,0,0,1,0,0,2,0,1,1,1,1,1,0,0,0,1,0,0,1,0,1,0,0,1,0,0,1,0,1,0,0,0,1,0,0,0,0,0
1,2,2,2,2,4,0,2,4,4,1,1,4,0,3,0,1,0,1,2,1,2,3,2,1,1,2,0,0,1,1,3,2,1,3,3,1,2,2,2,3,2,2,1,2,1,2,5,2,1,3,3,2,3,0,2,1,0,2,0,2,1,2,1,1,5,1,1,3,0,1,0,3,1,3,3,1,0,0,0
2,0,1,1,1,2,0,1,2,2,1,0,1,0,1,0,2,0,0,1,0,2,3,1,0,2,1,0,1,1,0,2,2,0,2,1,2,0,1,1,1,1,0,0,2,0,1,2,1,1,2,0,2,2,0,1,0,2,0,0,1,0,2,1,0,3,0,1,1,0,0,0,1,1,2,1,1,1,0,0
1,0,0,1,0,1,0,0,0,1,0,0,1,1,0,0,0,0,0,0,0,0,0,0,0,0,0,1,1,0,0,1,0,0,0,0,0,0,1,1,0,0,2,0,1,0,1,2,1,0,0,1,0,1,0,0,0,0,0,0,1,0,0,1,0,1,0,0,1,0,0,0,0,0,0,1,0,0,1,0
1,0,2,0,2,2,1,1,2,1,1,1,1,1,3,1,1,0,2,2,1,1,3,2,0,1,1,0,1,1,1,2,3,2,1,1,1,1,2,1,2,1,2,1,1,2,2,3,1,1,2,2,1,0,0,1,1,2,1,1,0,2,2,0,0,3,1,1,1,0,1,0,1,2,3,1,0,0,1,0
0,1,0,0,0,1,0,0,2,2,0,0,1,0,0,1,1,0,0,1,0,0,1,2,0,1,0,0,0,0,0,1,1,1,1,1,0,0,2,1,2,1,2,0,2,0,1,2,1,1,1,1,1,2,0,1,0,1,0,0,2,0,1,0,0,2,1,1,0,0,0,0,1,1,1,0,0,0,1,0
0,1,1,1,1,3,0,2,3,2,0,1,3,1,1,0,0,0,1,2,1,1,3,1,0,1,1,0,1,1,0,2,1,1,2,2,0,1,3,2,2,2,2,1,2,1,2,3,2,1,2,2,2,2,0,1,1,2,2,0,2,1,0,0,1,3,1,0,1,0,1,0,2,2,2,1,0,0,0,1
0,0,1,0,1,2,1,1,2,1,2,0,1,1,2,1,0,1,0,1,0,1,2,2,0,0,1,1,0,1,0,0,1,0,1,2,0,1,0,0,0,1,1,1,1,1,1,2,0,1,1,2,1,1,0,1,0,1,1,1,0,0,0,0,0,1,1,0,1,1,1,0,1,1,1,1,0,0,0,0
0,0,2,0,0,1,0,0,0,1,1,0,0,0,1,0,0,0,1,1,0,0,2,1,0,1,0,0,1,1,0,1,1,1,0,0,1,0,1,0,1,0,0,0,0,0,0,1,1,0,2,0,1,0,0,0,0,1,0,0,0,0,1,0,0,1,0,1,0,0,0,0,0,0,1,0,0,0,0,0
2,2,3,0,3,4,1,3,4,2,1,1,3,2,4,1,1,0,3,3,1,2,6,3,1,2,1,0,2,2,2,3,3,1,2,3,1,2,4,3,4,4,4,3,2,2,4,6,2,3,4,3,2,2,0,2,1,5,3,1,3,2,3,1,1,0,1,1,3,0,2,1,3,2,5,4,0,2,1,1
0,0,1,0,0,0,1,0,1,1,0,0,0,2,0,0,1,0,1,1,0,1,1,2,0,1,0,1,1,0,1,2,1,0,0,0,1,0,0,1,1,1,2,0,0,0,1,1,1,0,1,0,1,1,0,0,0,1,0,0,1,1,1,1,0,1,0,2,0,0,0,0,0,0,1,2,0,0,0,0
0,1,0,0,1,1,0,1,1,1,0,1,1,2,1,0,0,0,0,0,1,1,1,1,0,0,1,0,1,1,0,1,1,0,0,2,0,1,1,2,1,1,1,0,0,1,2,1,1,1,2,1,0,0,0,1,0,1,1,0,1,1,0,0,1,1,2,0,1,0,0,0,1,1,2,1,0,0,0,1
1,0,0,2,1,2,2,1,3,2,0,0,1,1,2,0,1,1,0,1,0,1,2,2,0,2,1,1,1,2,1,1,3,0,3,2,1,0,2,0,1,2,1,0,1,0,2,2,0,1,2,1,1,1,0,0,1,3,1,1,1,0,1,1,0,3,0,1,0,0,1,0,1,1,2,1,1,0,1,0
0,0,1,0,0,0,0,0,0,0,0,0,0,1,0,1,0,0,0,0,0,0,1,0,0,0,0,0,0,0,0,0,0,0,1,1,0,0,0,0,0,0,0,0,0,0,0,0,0,0,0,0,0,0,0,0,0,0,0,0,0,0,0,1,0,0,0,0,0,0,0,0,0,0,1,0,0,0,0,1
1,0,1,0,2,1,0,0,1,1,0,0,0,0,1,0,1,0,0,1,0,2,1,1,0,1,0,0,0,1,0,1,1,0,0,0,1,0,1,0,1,1,1,0,0,0,1,2,1,0,1,0,1,1,0,0,1,1,0,0,1,0,1,1,0,2,0,0,1,0,0,0,0,1,1,1,0,1,0,0
1,1,1,2,0,0,1,0,1,0,0,0,1,2,1,0,0,0,0,0,0,0,0,0,0,0,0,1,0,0,0,0,1,0,1,1,0,0,1,1,0,0,1,0,0,0,0,0,0,0,0,0,0,0,0,0,0,0,0,0,0,0,0,0,0,1,0,0,0,0,0,0,1,0,0,0,1,0,1,0
1,0,1,0,1,2,2,1,2,2,0,0,0,1,2,1,1,0,1,2,0,1,3,1,1,2,1,1,0,2,2,2,3,0,1,1,2,1,2,1,1,1,1,1,1,0,3,2,1,0,2,1,2,1,0,0,0,3,1,0,1,1,2,1,0,3,0,1,1,0,0,1,0,0,3,1,0,0,0,0
0,0,0,1,1,1,1,1,2,2,0,0,1,0,1,0,1,1,0,1,0,1,1,1,1,1,0,1,0,0,1,2,2,0,1,1,2,1,2,2,2,1,1,1,1,0,1,3,1,0,2,2,1,1,0,0,0,1,1,0,2,1,2,1,0,2,0,1,1,0,1,0,0,0,2,2,1,0,0,0
1,1,1,1,2,4,0,2,4,4,0,1,4,2,2,0,1,1,2,2,1,2,3,3,0,1,2,1,1,0,1,3,2,1,2,3,2,2,3,4,3,2,4,2,3,2,2,4,3,2,3,4,2,2,0,2,1,3,2,0,3,1,2,1,1,5,1,2,2,1,1,0,3,2,0,3,0,0,0,1
1,1,1,0,2,2,1,1,3,3,1,1,2,2,2,1,1,1,0,3,0,2,2,2,0,1,1,1,0,0,0,2,3,0,3,2,1,0,1,1,1,2,2,0,3,0,2,4,1,1,3,2,2,1,0,2,0,3,1,1,1,0,1,1,0,4,2,1,1,0,1,0,1,2,3,0,1,1,1,0
1,0,1,1,1,1,1,1,0,1,0,0,0,0,1,0,0,0,0,1,0,0,2,0,0,0,0,1,1,1,1,0,1,0,1,0,1,1,0,0,0,1,0,0,0,0,1,1,1,0,0,0,0,0,0,0,0,1,1,0,0,0,0,0,0,0,0,0,1,0,0,1,0,1,0,1,0,0,1,0
0,0,1,0,0,2,0,1,0,0,0,0,1,0,0,0,0,0,0,0,0,0,1,0,0,0,0,0,1,0,0,0,0,0,0,0,0,0,0,1,1,0,0,0,0,0,0,0,0,0,0,0,0,1,0,0,0,0,1,0,0,0,0,0,0,2,0,0,0,0,1,0,0,0,0,1,0,0,0,0
2,0,1,1,0,0,2,1,1,2,1,0,1,0,0,1,0,0,1,0,0,1,1,0,0,1,1,0,1,0,0,1,0,0,2,1,0,1,0,0,1,0,0,0,1,0,0,0,0,0,0,0,1,1,0,0,0,0,0,1,1,1,0,0,0,1,0,0,1,0,0,1,0,0,0,1,1,0,0,0
0,0,0,1,0,0,0,0,1,1,0,0,0,0,1,0,1,0,0,1,0,0,0,0,0,1,1,0,0,0,0,1,1,0,1,0,1,0,1,1,0,0,0,0,0,0,1,1,1,0,1,0,1,1,0,0,0,0,0,0,0,0,1,0,0,1,0,1,0,1,0,0,0,0,1,0,0,0,0,0
