80
72,5,27,12,54,24,53,14,12,67,31,36,14,75,75,69,33,58,53,25,60,81,9,25,41,23,31,26,24,43,53,64,28,16,61,11,60,11,8,9,43,6,59,19,60,21,44,38,55,10,51,23,25,56,38,71,45,73,75,61,73,19,55,44,15,51,35,4,63,17,77,37,37,45,16,68,9,48,42,56
0,2,2,3,0,4,2,2,2,1,0,1,2,3,2,2,0,1,3,3,3,0,2,0,4,1,2,2,2,2,2,3,1,3,4,2,2,4,2,1,3,1,1,2,0,1,2,0,1,2,1,1,3,1,1,4,1,2,3,1,0,1,2,2,1,0,3,1,0,0,2,3,1,3,1,4,2,2,2,1
2,0,0,2,0,1,1,1,0,1,0,0,0,2,2,1,0,0,2,1,2,1,0,0,2,1,1,1,0,0,1,0,1,2,3,1,2,1,1,1,1,0,1,2,0,0,0,1,1,1,2,1,1,1,0,2,1,0,1,1,1,1,1,2,3,1,1,1,2,1,1,1,1,1,2,3,0,1,1,1
2,0,0,2,1,1,1,1,1,1,0,0,0,2,2,2,0,0,2,1,2,1,1,0,3,1,1,1,1,1,2,0,1,2,5,1,2,2,1,2,2,0,1,2,1,0,1,1,1,1,2,1,2,1,0,3,2,0,2,1,1,1,2,2,3,1,2,1,2,1,1,1,2,2,2,3,0,2,1,1
3,2,2,0,1,2,1,3,1,1,0,1,1,2,2,2,0,1,2,2,2,0,1,0,2,0,2,1,0,1,2,1,0,2,2,1,2,2,3,0,2,0,1,2,0,2,1,0,1,2,1,1,2,2,0,2,0,2,3,2,1,2,0,1,2,0,2,1,0,0,2,1,2,1,1,3,0,2,1,1
0,0,1,1,0,2,0,0,1,1,0,1,0,0,1,0,1,1,1,1,2,1,0,0,1,0,1,0,1,2,1,1,1,0,1,0,1,2,0,1,2,1,0,1,0,0,0,0,0,0,0,0,1,0,1,1,0,0,1,0,0,1,0,0,1,0,0,0,0,0,0,1,0,1,0,1,0,1,1,0
4,1,1,2,2,0,1,3,0,0,0,2,0,3,2,3,1,0,2,1,3,1,1,0,2,1,1,1,0,0,0,1,2,2,3,1,1,1,2,2,1,0,1,1,1,0,2,0,1,1,2,1,1,1,0,2,0,1,2,1,1,2,1,2,4,1,1,1,1,1,2,1,1,1,2,3,1,1,2,1
2,1,1,1,0,1,0,2,1,0,0,1,1,1,2,2,0,0,2,2,2,0,0,0,1,1,1,1,0,1,1,1,1,2,2,2,2,1,2,1,1,1,2,1,0,0,1,0,2,1,1,1,2,2,0,2,0,0,2,2,1,1,1,1,2,0,2,1,1,1,1,1,1,1,2,2,0,0,0,1
2,1,1,3,0,3,2,0,2,1,0,1,1,2,2,2,1,0,3,2,3,1,0,0,3,1,1,1,1,1,2,1,1,3,3,2,2,2,2,2,2,1,1,2,1,0,1,0,1,1,1,1,2,2,0,1,0,1,3,1,1,2,2,2,3,1,2,1,1,1,3,2,1,1,2,3,0,2,2,2
2,0,1,1,1,0,1,2,0,1,0,1,0,2,1,1,1,1,2,1,2,0,1,0,2,1,1,1,0,0,0,0,1,2,3,2,1,1,2,1,1,0,1,2,1,0,2,0,1,0,1,1,1,2,0,2,0,1,2,2,1,2,1,2,4,1,1,0,1,1,1,0,1,1,2,2,0,1,1,2
1,1,1,1,1,0,0,1,1,0,0,0,0,1,0,1,1,1,1,0,0,0,0,0,0,0,0,0,0,0,0,2,0,0,1,1,0,0,1,1,0,0,0,0,0,0,1,0,0,1,0,0,1,0,0,1,0,1,1,1,1,2,0,0,2,0,0,0,0,1,1,0,0,0,1,1,0,0,1,1
0,0,0,0,0,0,0,0,0,0,0,0,0,0,1,0,0,0,0,0,0,0,0,1,1,0,0,0,0,0,1,0,0,0,0,0,0,0,0,0,0,0,0,0,1,0,0,1,0,0,0,1,0,0,0,0,0,0,0,0,1,0,0,0,1,0,1,0,0,0,0,0,1,0,0,0,0,1,1,0
1,0,0,1,1,2,1,1,1,0,0,0,0,1,1,1,0,0,1,1,1,0,0,0,1,1,1,1,0,0,1,0,0,1,2,1,1,1,1,0,1,0,0,1,0,0,0,0,0,0,1,0,2,0,0,1,0,0,0,1,1,0,0,1,1,0,2,0,0,0,0,1,1,1,0,2,0,0,0,0
2,0,0,1,0,0,1,1,0,0,0,0,0,1,1,1,0,0,2,1,1,0,0,0,2,1,1,1,0,1,0,0,1,1,2,1,1,1,1,1,1,1,1,1,0,0,0,0,1,0,1,0,1,0,0,1,0,0,2,1,0,0,0,1,2,0,1,0,2,0,0,1,2,1,1,2,0,1,0,1
3,2,2,2,0,3,1,2,2,1,0,1,1,0,0,3,1,1,1,1,1,0,1,1,1,0,1,0,1,1,2,1,0,1,1,1,2,1,1,1,0,1,0,1,0,1,1,0,1,2,0,1,2,1,1,2,1,1,3,0,0,2,1,0,1,1,2,1,0,0,2,1,0,0,0,0,1,0,1,1
2,2,2,2,1,2,2,2,1,0,1,1,1,0,0,3,1,1,2,2,2,0,1,1,1,0,1,1,0,1,1,3,0,2,0,1,1,1,1,0,0,1,0,0,1,0,3,0,0,1,1,0,0,1,1,1,0,1,3,1,2,1,1,0,1,0,2,0,0,0,2,2,1,1,0,2,0,1,1,1
2,1,2,2,0,3,2,2,1,1,0,1,1,3,3,0,0,1,4,2,3,1,0,1,2,0,2,2,2,3,2,2,1,2,3,2,2,2,1,1,2,1,1,2,1,1,1,0,2,2,1,1,2,2,0,2,0,2,2,2,1,1,1,1,2,0,2,0,1,0,2,3,2,1,2,4,1,2,0,1
0,0,0,0,1,1,0,1,1,1,0,0,0,1,1,0,0,0,0,0,0,0,0,0,0,0,1,0,0,0,1,0,1,0,0,0,0,1,0,1,0,0,0,0,0,0,0,1,0,0,0,0,1,0,0,0,0,0,0,1,0,0,0,0,1,1,1,0,0,0,0,0,1,0,0,1,0,0,0,0
1,0,0,1,1,0,0,0,1,1,0,0,0,1,1,1,0,0,0,0,0,0,1,0,0,0,0,0,0,0,0,0,0,0,2,1,0,0,0,1,0,0,1,0,0,0,0,1,0,1,0,0,2,0,0,1,1,0,0,2,0,0,0,0,0,0,0,0,0,0,0,0,1,0,1,0,0,0,0,0
3,2,2,2,1,2,2,3,2,1,0,1,2,1,2,4,0,0,0,2,3,0,0,0,2,1,2,2,0,2,2,2,1,2,2,2,2,2,2,2,1,1,1,1,1,0,1,1,1,1,2,1,1,1,1,2,0,1,3,1,1,2,1,1,3,2,2,2,2,1,2,2,2,1,1,3,0,3,2,2
3,1,1,2,1,1,2,2,1,0,0,1,1,1,2,2,0,0,2,0,2,0,1,0,1,0,1,1,0,1,2,1,0,2,2,2,1,1,2,1,1,1,1,1,0,0,1,0,1,1,1,1,1,2,0,2,0,1,2,2,1,1,1,1,3,0,2,1,1,1,2,1,2,1,1,2,0,1,0,1
3,2,2,2,2,3,2,3,2,0,0,1,1,1,2,3,0,0,3,2,0,0,1,0,3,1,2,1,0,2,2,2,1,2,3,2,2,2,3,2,2,1,1,1,2,1,1,0,1,2,1,1,2,2,1,2,0,2,4,2,1,2,1,1,4,0,2,2,1,1,4,2,2,1,1,4,1,2,1,2
0,1,1,0,1,1,0,1,0,0,0,0,0,0,0,1,0,0,0,0,0,0,0,0,0,1,0,0,2,0,1,1,1,0,0,0,0,0,0,1,1,1,0,1,0,0,0,1,0,0,0,0,1,0,0,0,0,0,1,0,0,0,0,0,1,0,1,0,1,1,0,0,0,0,0,0,0,0,1,0
2,0,1,1,0,1,0,0,1,0,0,0,0,1,1,0,0,1,0,1,1,0,0,0,2,0,1,1,1,1,1,1,0,1,1,0,1,1,1,0,2,0,0,1,0,0,0,1,0,0,0,0,1,1,0,1,0,2,0,0,0,1,0,1,0,0,2,1,1,0,0,1,0,1,0,1,0,0,0,0
0,0,0,0,0,0,0,0,0,0,1,0,0,1,1,1,0,0,0,0,0,0,0,0,0,0,0,1,0,0,0,0,0,0,0,0,0,0,0,1,0,0,0,0,0,0,0,0,1,0,0,0,0,0,0,0,0,0,0,0,0,0,0,0,0,0,0,0,0,0,0,0,0,1,0,1,1,0,0,0
4,2,3,2,1,2,1,3,2,0,1,1,2,1,1,2,0,0,2,1,3,0,2,0,0,1,1,1,0,1,1,3,1,2,1,2,1,2,3,1,0,1,0,0,1,1,2,0,0,1,0,0,1,2,1,3,0,1,3,1,1,2,1,0,1,0,2,1,0,0,4,2,1,1,0,2,1,1,1,2
1,1,1,0,0,1,1,1,1,0,0,1,1,0,0,0,0,0,1,0,1,1,0,0,1,0,0,0,1,1,1,0,0,1,0,1,1,1,2,1,1,1,0,0,0,0,0,1,0,1,0,0,2,0,0,1,0,1,3,0,0,2,1,0,0,0,1,1,1,0,1,0,0,0,0,0,1,1,1,0
2,1,1,2,1,1,1,1,1,0,0,1,1,1,1,2,1,0,2,1,2,0,1,0,1,0,0,0,0,1,1,1,0,2,1,1,1,2,1,0,0,1,0,0,0,0,1,0,0,1,1,0,0,1,0,1,0,1,2,1,0,1,1,1,1,0,1,0,0,0,2,0,1,0,1,1,0,0,1,0
2,1,1,1,0,1,1,1,1,0,0,1,1,0,1,2,0,0,2,1,1,0,1,1,1,0,0,0,0,1,1,1,0,1,1,1,1,0,1,0,0,1,0,0,0,0,1,1,2,1,0,1,1,2,0,1,0,1,1,1,1,1,0,0,2,1,1,0,0,0,1,1,0,0,1,1,0,0,0,0
2,0,1,0,1,0,0,1,0,0,0,0,0,1,0,2,0,0,0,0,0,2,1,0,0,1,0,0,0,0,0,1,1,1,0,1,0,0,2,2,1,0,0,0,0,0,1,0,0,0,1,0,1,0,0,1,0,0,2,0,0,1,0,1,3,0,1,1,1,0,1,0,0,0,1,0,0,0,0,1
2,0,1,1,2,0,1,1,0,0,0,0,1,1,1,3,0,0,2,1,2,0,1,0,1,1,1,1,0,0,0,1,1,1,2,1,1,1,2,1,1,0,1,1,1,0,1,0,1,1,2,1,1,2,0,0,0,1,2,1,1,1,0,1,4,1,1,1,2,1,2,1,1,1,1,3,0,1,1,1
2,1,2,2,1,0,1,2,0,0,1,1,0,2,1,2,1,0,2,2,2,1,1,0,1,1,1,1,0,0,0,1,1,2,2,2,1,1,1,2,1,0,1,1,1,0,1,0,1,0,1,1,1,0,0,0,0,1,2,2,1,1,1,1,4,1,1,2,1,1,2,0,2,0,2,3,1,2,1,2
3,0,0,1,1,1,1,1,0,2,0,0,0,1,3,2,0,0,2,1,2,1,1,0,3,0,1,1,1,1,1,0,0,1,3,1,1,1,2,0,2,1,1,2,0,1,1,1,1,1,1,1,2,2,0,2,1,1,0,1,1,0,1,1,2,1,1,1,2,1,0,1,1,1,1,3,0,3,1,0
1,1,1,0,1,2,1,1,1,0,0,0,1,0,0,1,1,0,1,0,1,1,0,0,1,0,0,0,1,1,1,0,0,0,0,1,1,1,1,1,1,1,0,0,0,0,1,0,1,1,0,0,2,1,0,0,0,1,2,0,0,1,1,0,1,0,1,0,1,0,1,1,0,0,0,0,1,0,0,1
3,2,2,2,0,2,2,3,2,0,0,1,1,1,2,2,0,0,2,2,2,0,1,0,2,1,2,1,1,1,2,1,0,0,2,2,2,2,2,2,1,1,1,1,0,1,1,0,2,1,1,1,2,1,1,1,0,1,4,0,0,2,2,1,2,2,2,2,0,0,3,1,1,0,1,1,1,2,1,1
4,3,5,2,1,3,2,3,3,1,0,2,2,1,0,3,0,2,2,2,3,0,1,0,1,0,1,1,0,2,2,3,0,2,0,2,1,2,3,1,1,2,0,0,2,1,2,1,0,2,0,0,1,1,0,2,0,2,6,2,0,3,1,0,2,1,1,1,1,0,4,1,1,2,0,1,0,2,3,2
2,1,1,1,0,1,2,2,2,1,0,1,1,1,1,2,0,1,2,2,2,0,0,0,2,1,1,1,1,1,2,1,1,2,2,0,2,2,2,2,1,1,1,1,1,1,1,1,2,1,1,1,2,2,0,2,0,1,3,1,1,1,1,1,3,0,2,0,1,1,1,2,1,1,1,2,1,0,0,1
2,2,2,2,1,1,2,2,1,0,0,1,1,2,1,2,0,0,2,1,2,0,1,0,1,1,1,1,0,1,1,1,1,2,1,2,0,2,2,1,0,0,1,1,1,1,2,1,0,1,1,0,1,0,0,1,0,1,3,1,0,2,0,1,3,0,1,1,2,0,3,0,1,0,1,2,0,1,2,2
4,1,2,2,2,1,1,2,1,0,0,1,1,1,1,2,1,0,2,1,2,0,1,0,2,1,2,0,0,1,1,1,1,2,2,2,2,0,2,1,1,0,1,1,0,1,1,0,1,1,1,0,1,2,0,2,0,1,3,2,1,1,1,1,3,0,2,0,1,1,2,1,2,0,1,3,1,1,2,1
2,1,1,3,0,2,2,2,2,1,0,1,1,1,1,1,0,0,2,2,3,0,1,0,3,2,1,1,2,2,1,2,1,2,3,2,2,2,0,2,2,1,1,1,2,0,2,0,0,1,1,0,3,1,1,2,1,1,3,1,1,1,2,1,3,0,2,0,1,1,3,2,1,0,1,2,0,2,2,2
1,1,2,0,1,2,1,2,1,1,0,0,1,1,0,1,1,1,2,1,2,1,0,1,1,1,0,0,2,1,2,0,1,2,1,2,1,1,2,0,1,1,1,1,1,0,0,1,1,1,0,0,1,0,0,0,1,1,2,1,0,2,1,0,2,0,2,0,2,0,2,1,0,1,1,0,0,0,1,1
3,1,2,2,2,1,1,2,1,0,0,1,1,0,0,2,0,0,1,1,2,1,2,0,0,1,0,0,1,1,1,2,1,1,1,1,0,1,2,1,0,0,0,0,1,0,2,0,0,1,1,0,0,2,1,3,1,1,3,1,0,1,0,0,3,0,0,1,0,0,2,1,1,0,0,1,0,1,1,1
1,0,0,0,1,0,1,1,0,0,0,0,1,1,1,1,0,0,1,1,1,1,0,0,1,1,1,1,0,0,0,1,1,1,2,1,0,0,1,1,0,0,1,1,0,0,0,0,1,0,2,1,0,1,1,0,0,0,1,1,1,1,0,1,2,1,1,1,1,1,0,0,1,1,1,2,0,1,0,1
1,1,1,1,0,1,2,1,1,0,0,0,1,0,0,1,0,1,1,1,1,0,0,0,0,0,0,0,0,1,1,1,0,1,0,1,1,1,1,1,0,1,0,0,1,0,0,1,0,1,0,1,1,0,0,0,0,2,2,0,0,1,1,0,1,0,1,1,1,0,2,1,1,1,1,2,0,1,1,1
2,2,2,2,1,1,1,2,2,0,0,1,1,1,0,2,0,0,1,1,1,1,1,0,0,0,0,0,0,1,1,2,0,1,0,1,1,1,1,1,0,1,0,0,1,1,1,1,0,1,0,0,1,1,2,1,0,1,3,1,0,2,1,0,3,1,1,1,0,0,2,0,1,0,0,1,0,1,1,1
0,0,1,0,0,1,0,1,1,0,1,0,0,0,1,1,0,0,1,0,2,0,0,0,1,0,0,0,0,1,1,0,0,0,2,1,1,0,2,1,1,0,1,1,0,0,0,0,1,0,1,1,0,1,0,1,0,0,1,1,1,1,1,1,1,0,0,1,1,1,1,0,2,0,1,1,0,2,1,1
1,0,0,2,0,0,0,0,0,0,0,0,0,1,0,1,0,0,0,0,1,0,0,0,1,0,0,0,0,0,0,1,0,1,1,1,1,1,0,0,0,0,0,1,0,0,0,0,0,0,0,0,1,0,0,2,0,0,0,0,0,0,0,0,1,0,0,0,0,0,1,0,0,0,1,0,0,0,0,0
2,0,1,1,0,2,1,1,2,1,0,0,0,1,3,1,0,0,1,1,1,0,0,0,2,0,1,1,1,1,1,1,1,1,2,1,2,1,2,0,2,0,0,1,0,0,0,0,1,0,0,0,2,1,0,1,1,1,1,0,0,1,0,1,0,0,2,0,0,0,1,2,1,2,0,2,0,0,0,0
0,1,1,0,0,0,0,0,0,0,1,0,0,0,0,0,1,1,1,0,0,1,1,0,0,1,0,1,0,0,0,1,0,0,1,1,1,0,0,1,0,0,1,1,0,0,0,0,0,0,0,0,1,1,0,0,0,1,0,1,1,1,0,1,2,1,0,1,1,1,0,1,1,1,1,1,0,1,0,0
1,1,1,1,0,1,2,1,1,0,0,0,1,1,0,2,0,0,1,1,1,0,0,1,0,0,0,2,0,1,1,1,1,2,0,2,0,1,0,1,0,1,0,0,1,0,1,0,0,1,0,0,0,0,0,0,0,0,3,1,0,1,1,0,1,0,2,0,1,0,1,1,1,0,0,1,0,1,1,1
2,1,1,2,0,1,1,1,0,1,0,0,0,2,1,2,0,1,1,1,2,0,0,0,1,1,1,1,0,1,0,1,1,1,2,1,1,1,1,1,1,0,1,1,0,0,0,0,1,0,1,1,1,1,0,1,0,1,2,1,1,2,1,1,3,1,1,0,1,1,2,0,1,0,1,2,0,1,1,1
1,2,2,1,0,2,1,1,1,0,0,1,1,0,1,1,0,0,2,1,1,0,0,0,0,0,1,0,1,2,1,1,0,1,0,1,1,1,1,0,1,2,0,0,1,0,0,0,0,1,0,0,1,1,0,1,0,1,2,1,0,1,1,0,1,0,1,1,1,0,2,1,1,1,1,2,0,1,1,1
1,1,1,1,0,1,1,1,1,0,1,0,0,1,0,1,0,0,1,1,1,0,0,0,0,0,0,1,0,1,1,1,0,1,0,1,0,0,0,0,0,1,1,0,1,0,0,0,0,1,0,0,0,0,0,0,0,0,2,1,0,1,0,0,1,0,0,1,1,0,1,1,1,0,0,1,0,1,1,1
3,1,2,2,1,1,2,2,1,1,0,2,1,2,0,2,1,2,1,1,2,1,1,0,1,2,0,1,1,1,1,2,2,2,1,2,1,1,3,1,0,0,1,1,0,1,2,1,0,1,1,0,0,0,1,1,0,1,3,2,0,2,0,1,3,1,1,1,1,1,2,0,0,0,2,1,0,1,1,2
1,1,1,2,0,1,2,2,2,0,0,0,0,1,1,2,0,0,1,2,2,0,1,0,2,0,1,2,0,2,0,2,1,1,1,2,0,2,1,0,2,1,0,1,1,0,1,1,0,1,1,0,0,0,0,1,0,0,1,1,0,1,0,1,2,0,1,0,1,0,1,1,1,1,0,3,0,1,1,2
1,0,0,0,1,0,0,0,0,0,0,0,0,1,1,0,0,0,1,0,1,0,0,0,1,0,0,0,0,0,0,0,0,1,0,0,0,0,1,0,1,1,0,2,0,0,0,0,0,0,0,0,1,0,0,1,0,0,1,0,0,1,0,0,1,0,0,0,0,0,0,0,0,1,0,1,0,0,2,0
4,2,3,2,1,2,2,1,2,1,0,1,1,2,1,2,0,1,2,2,2,0,1,0,3,1,1,1,1,0,0,2,0,1,2,2,1,2,2,0,3,0,0,1,1,2,1,0,0,1,1,0,1,1,1,0,1,2,2,1,0,1,0,1,1,0,1,1,0,0,2,1,2,1,0,3,1,1,1,1
1,1,2,0,0,0,0,0,0,0,0,0,0,1,0,0,0,1,0,0,0,0,0,0,0,0,0,0,0,0,0,1,0,0,0,0,0,0,1,1,1,0,0,0,0,0,1,0,0,0,0,0,0,0,0,1,0,0,1,0,0,1,0,0,1,0,0,1,1,0,0,0,0,0,0,0,0,0,1,0
2,0,0,2,0,1,0,1,1,1,0,0,0,1,1,2,0,0,1,1,2,0,2,0,1,1,1,1,0,1,1,1,1,1,2,1,1,1,1,1,1,0,2,1,0,0,1,1,0,1,1,0,1,0,0,2,0,0,0,1,0,0,0,1,1,0,1,0,0,0,1,1,1,1,1,2,0,1,0,0
3,1,2,3,1,2,2,3,2,1,0,0,2,3,3,2,0,0,3,2,4,1,0,0,3,3,2,1,2,2,2,0,2,4,6,3,3,3,3,2,3,1,2,3,1,0,1,0,3,2,2,2,3,1,1,2,1,0,0,2,2,2,2,3,4,1,3,1,2,2,2,1,3,2,3,5,0,2,2,2
1,1,1,2,0,1,2,1,2,1,0,1,1,0,1,2,1,2,1,2,2,0,0,0,1,0,1,1,0,1,2,1,0,0,2,1,1,2,1,1,1,1,0,1,1,0,0,1,1,1,1,1,2,1,0,1,0,1,2,0,1,1,0,1,2,1,1,1,2,0,2,2,1,2,0,2,0,2,2,1
0,1,1,1,0,1,1,1,1,1,1,1,0,0,2,1,0,0,1,1,1,0,0,0,1,0,0,1,0,1,1,1,0,0,0,1,0,1,1,0,0,1,0,0,1,0,0,1,0,1,0,0,0,0,0,0,0,0,2,1,0,1,1,0,1,0,0,1,1,1,2,2,1,0,0,1,0,2,1,1
1,1,1,2,1,2,1,2,2,2,0,0,0,2,1,1,0,0,2,1,2,0,1,0,2,2,1,1,1,1,1,0,1,2,3,1,2,1,1,2,1,1,1,2,1,0,1,1,1,2,1,1,2,1,1,1,1,0,2,1,1,0,1,1,2,1,1,1,2,1,2,1,1,1,1,3,0,1,1,1
2,1,2,0,0,1,1,2,1,0,0,0,0,1,1,1,0,0,1,1,1,0,0,0,1,1,1,0,0,0,1,1,1,2,1,1,0,1,2,1,0,0,1,1,1,0,0,0,1,1,1,0,0,0,0,0,0,0,2,0,1,1,0,1,2,0,1,1,1,1,1,0,0,1,1,2,0,1,1,2
2,2,2,1,0,2,1,2,2,0,0,1,1,0,0,1,0,0,1,1,1,0,1,0,0,0,1,0,1,1,1,1,0,1,0,1,1,1,1,0,0,1,0,0,1,0,1,1,0,1,0,0,1,1,0,1,0,1,3,1,0,1,1,0,1,0,1,1,1,0,2,1,1,0,1,1,0,1,1,1
1,3,3,2,1,4,2,3,4,2,1,1,2,1,1,2,1,0,3,3,4,1,0,0,1,0,1,2,3,4,4,2,1,2,2,3,3,3,3,2,3,2,1,3,1,1,0,2,1,3,1,1,3,2,1,1,1,1,4,2,1,2,2,1,0,1,3,1,3,2,3,3,2,2,1,3,0,3,3,1
0,1,1,0,0,1,0,1,1,0,0,0,0,1,0,0,1,0,2,0,0,0,0,0,0,0,0,1,0,1,1,1,0,2,1,0,0,0,0,0,0,1,0,1,0,0,0,1,0,1,0,0,1,0,0,0,0,0,1,1,0,1,0,0,1,0,0,0,1,0,1,1,0,0,1,1,0,1,0,0
3,1,2,2,0,1,2,2,1,0,1,2,1,2,2,2,1,0,2,2,2,1,2,0,2,1,1,1,1,1,1,1,1,2,1,2,1,2,2,2,0,1,1,1,0,0,2,0,2,1,1,0,1,1,0,1,0,1,3,1,0,1,1,1,3,0,0,0,1,0,2,2,2,1,1,2,1,1,1,1
1,1,1,1,0,1,1,1,0,0,0,0,0,1,0,0,0,0,2,1,2,0,1,0,1,1,0,0,1,1,2,1,0,2,1,0,1,0,0,0,1,1,1,1,1,0,0,1,0,0,1,1,1,0,0,1,1,0,1,1,1,1,1,1,1,0,0,0,1,1,1,1,1,0,1,2,0,2,1,1
0,2,2,0,0,1,1,1,1,0,0,0,2,0,0,1,0,0,2,1,1,1,1,0,0,1,0,0,1,2,1,2,1,0,1,1,2,1,1,2,0,1,1,0,1,0,0,1,1,1,1,1,1,1,0,0,1,0,2,2,1,2,1,1,3,1,1,1,0,2,1,1,2,1,1,2,0,2,1,1
0,1,1,0,0,1,1,1,1,1,0,0,0,0,0,0,0,0,1,1,1,1,0,0,0,0,0,0,0,1,1,1,0,0,0,1,0,1,1,0,0,1,0,0,1,0,0,1,0,1,0,0,1,0,0,0,0,0,2,0,1,1,1,0,2,0,0,1,2,0,1,1,1,0,0,1,0,1,1,1
2,1,1,2,0,2,1,3,1,1,0,0,0,2,2,2,0,0,2,2,4,0,0,0,4,1,2,1,1,2,2,0,1,3,4,1,3,2,3,2,2,0,2,2,1,1,1,0,1,2,2,1,2,1,0,2,0,1,2,2,2,2,1,2,3,1,2,1,1,1,0,1,2,1,2,4,1,2,2,2
3,1,1,1,1,1,1,2,0,0,0,1,1,1,2,3,0,0,2,1,2,0,1,0,2,0,0,1,0,1,0,1,1,1,1,2,0,1,2,1,1,0,1,0,0,0,2,1,1,0,1,1,0,1,0,1,0,1,1,2,2,1,0,1,3,1,2,1,1,1,1,0,1,1,2,2,0,0,0,1
1,1,2,2,0,1,1,1,1,0,1,1,2,0,1,2,1,1,2,2,2,0,0,0,1,0,1,0,0,1,2,1,0,1,1,1,1,2,1,0,1,1,1,1,2,0,1,1,1,1,1,1,0,1,0,2,0,1,3,1,1,1,0,1,2,0,2,1,2,1,2,1,0,1,1,2,0,2,1,1
3,1,2,1,1,1,1,1,1,0,0,1,1,0,1,1,0,0,1,1,1,0,1,1,1,0,0,0,0,1,0,1,0,0,2,1,0,0,0,1,0,1,1,0,0,0,2,1,0,0,1,0,0,1,1,1,0,1,2,2,0,1,1,0,2,0,1,0,1,0,1,1,1,0,1,2,0,0,0,0
1,2,2,1,0,2,2,2,2,1,0,0,1,0,0,2,0,1,1,1,1,0,0,0,0,0,1,1,1,1,2,1,0,1,0,1,1,1,1,1,0,1,1,0,1,1,0,1,0,1,1,0,2,0,0,0,0,1,3,0,0,1,1,1,1,1,1,1,1,0,2,2,1,1,0,2,0,1,1,1
4,3,3,3,1,3,2,3,2,1,0,2,2,0,2,4,1,0,3,2,4,0,1,1,2,0,1,1,0,3,3,3,0,1,1,2,2,3,2,0,1,2,2,1,1,0,2,1,1,2,2,1,1,3,1,3,0,2,5,2,1,3,2,1,3,1,2,2,2,1,4,2,2,2,2,0,0,3,2,1
2,0,0,0,0,1,0,0,0,0,0,0,0,1,0,1,0,0,0,0,1,0,0,1,1,1,0,0,0,0,1,0,1,1,0,1,0,1,0,0,0,0,0,0,0,0,0,0,0,0,0,0,0,0,0,1,0,0,0,0,0,0,0,0,0,0,1,0,0,0,1,0,0,0,0,0,0,1,0,0
2,1,2,2,1,1,0,2,1,0,1,0,1,0,1,2,0,0,3,1,2,0,0,0,1,1,0,0,0,1,2,3,0,2,2,0,1,1,2,0,1,1,1,1,2,0,0,1,1,1,1,1,1,1,0,1,0,1,2,2,2,1,1,1,3,1,1,2,2,1,2,0,2,0,1,3,1,0,1,2
2,1,1,1,1,2,0,2,1,1,1,0,0,1,1,0,0,0,2,0,1,1,0,0,1,1,1,0,0,1,1,1,0,1,3,0,2,2,2,1,1,0,1,1,1,0,0,0,1,1,1,1,1,1,2,1,1,0,2,2,1,1,1,1,3,0,1,1,1,1,2,0,1,0,1,2,0,1,0,1
1,1,1,1,0,1,1,2,2,1,0,0,1,1,1,1,0,0,2,1,2,0,0,0,2,0,0,0,1,1,2,0,1,1,2,1,2,1,2,1,1,1,1,1,1,0,0,0,1,1,1,1,2,2,0,1,0,0,2,1,1,1,2,1,1,0,1,1,1,1,2,1,1,0,1,1,0,2,1,0
