80
42,57,4,21,48,8,80,46,48,77,39,35,70,62,75,79,52,36,78,38,59,64,12,58,49,22,57,59,58,22,52,51,24,2,29,43,77,72,22,26,35,77,62,45,60,9,74,23,72,56,54,44,2,2,2,42,47,54,13,58,70,43,44,42,7,54,71,54,79,80,28,63,62,54,39,45,25,65,19,49
0,0,0,0,0,0,0,0,1,2,1,0,1,1,0,0,0,1,0,1,1,1,1,1,0,0,1,1,1,1,0,1,1,1,0,1,2,0,0,0,0,1,2,0,0,0,1,0,1,1,1,0,0,1,1,1,0,0,0,1,2,0,1,1,0,1,1,1,0,2,2,1,1,1,0,1,1,0,1,1
0,0,0,0,0,0,0,0,0,0,0,0,0,0,1,0,0,0,0,0,1,0,0,1,0,1,0,0,0,1,1,0,0,0,0,0,0,1,0,0,0,0,1,0,0,0,1,0,0,0,0,0,0,0,0,0,0,0,0,0,1,0,0,0,0,1,1,1,1,1,0,0,0,0,0,1,0,0,0,0
0,0,0,0,0,0,1,1,1,2,1,1,1,1,1,1,0,1,1,1,0,2,0,1,1,1,0,0,1,0,0,2,1,1,0,2,1,1,2,0,0,0,2,1,2,0,0,1,0,1,1,0,0,0,1,0,1,0,2,0,0,1,1,1,1,1,1,0,1,0,1,0,0,0,0,1,2,1,1,1
0,0,0,0,0,0,0,0,0,1,0,0,0,1,2,1,0,1,2,1,0,1,1,0,0,0,0,1,0,1,2,1,0,0,0,0,1,1,0,1,0,0,2,1,2,0,0,0,0,1,1,0,0,0,1,0,1,0,0,0,0,1,1,0,1,2,1,0,2,1,0,0,0,0,0,0,1,0,0,1
0,0,0,0,0,0,0,0,0,1,1,0,1,1,1,2,0,1,0,1,0,1,0,1,1,0,0,0,1,1,1,2,0,1,0,1,1,1,1,1,1,1,1,1,2,1,0,1,0,2,1,0,0,1,1,1,2,0,1,0,0,1,2,0,1,1,0,1,2,1,0,0,1,0,0,1,3,0,0,0
0,0,0,0,0,0,1,0,1,0,0,0,0,1,0,0,0,1,0,0,1,0,0,1,0,0,0,0,0,0,0,2,1,0,0,1,1,1,0,0,0,0,0,1,1,0,0,0,0,1,1,1,0,0,1,0,1,0,0,1,1,0,0,0,1,1,0,0,0,1,1,0,1,0,0,0,0,0,0,0
0,0,1,0,0,1,0,0,0,1,1,0,0,0,0,0,0,1,1,0,1,1,0,0,0,0,0,0,0,1,1,0,0,0,1,1,0,0,1,1,0,0,1,0,0,0,1,0,0,1,0,0,0,0,0,1,1,0,2,0,1,0,1,0,0,0,0,0,0,1,0,0,1,0,1,1,2,1,0,0
0,0,1,0,0,0,0,0,0,1,1,0,0,1,0,0,0,1,2,1,1,1,0,0,0,0,0,0,1,0,0,2,0,0,0,1,1,0,0,0,0,0,1,1,2,0,2,0,1,1,1,0,0,0,1,0,1,0,1,1,0,2,0,1,1,0,0,0,1,1,0,1,0,0,1,1,0,0,0,1
1,0,1,0,0,1,0,0,0,1,1,0,0,0,1,0,0,1,2,1,0,1,0,1,0,0,1,1,0,2,1,1,1,2,1,0,1,1,1,0,0,2,1,1,2,0,1,0,1,1,1,0,0,1,1,0,1,0,1,0,0,1,0,1,1,1,0,0,0,2,2,0,1,0,1,2,1,1,0,1
2,0,2,1,1,0,1,1,1,0,2,0,1,0,0,1,0,2,0,1,1,0,1,0,1,0,0,0,0,1,0,1,1,0,0,2,2,1,1,2,0,0,0,1,1,1,1,0,0,1,0,0,2,1,1,0,0,0,0,0,1,1,1,0,1,0,0,2,0,3,2,0,1,2,0,1,0,1,1,0
1,0,1,0,1,0,1,1,1,2,0,0,0,0,0,1,0,1,0,0,1,1,0,0,0,0,1,0,0,1,1,1,0,1,1,0,0,0,0,1,0,1,1,0,1,0,0,0,0,1,1,1,0,0,0,1,1,0,0,0,1,1,1,1,0,0,0,1,1,1,0,0,0,1,0,1,1,0,1,0
0,0,1,0,0,0,0,0,0,0,0,0,0,1,0,0,0,0,0,0,0,0,0,0,0,0,1,1,1,0,0,1,0,0,0,0,0,0,0,1,0,1,1,0,1,0,0,0,0,0,0,0,0,1,1,0,1,0,1,1,0,1,0,1,1,0,0,0,0,0,1,0,0,1,0,0,1,0,0,1
1,0,1,0,1,0,0,0,0,1,0,0,0,0,0,2,0,0,1,1,0,1,0,1,0,1,1,1,0,0,1,1,0,1,1,0,0,0,1,1,0,1,1,0,1,0,0,0,1,1,1,0,0,0,0,1,1,0,2,2,1,1,0,0,1,0,0,0,1,0,2,1,1,0,1,1,1,1,0,1
1,0,1,1,1,1,0,1,0,0,0,1,0,0,1,1,0,1,2,1,1,1,1,0,0,0,1,1,0,1,1,1,1,1,1,0,0,0,1,0,0,0,1,0,0,1,0,0,1,1,1,0,0,0,0,0,1,0,1,0,1,0,1,1,0,1,1,0,0,1,1,1,0,0,1,1,1,1,1,1
0,1,1,2,1,0,0,0,1,0,0,0,0,1,0,1,0,1,1,2,0,0,1,2,0,0,1,2,1,1,1,2,1,1,0,1,1,1,0,0,0,1,2,1,2,0,0,0,0,2,1,1,0,1,1,1,1,1,1,1,1,0,1,0,1,2,2,0,0,1,2,1,0,1,1,0,0,1,1,2
0,0,1,1,2,0,0,0,0,1,1,0,2,1,1,0,1,2,0,2,0,1,2,2,0,0,0,0,0,0,1,2,1,0,0,1,1,0,1,2,0,1,2,1,2,1,0,0,0,2,1,0,0,0,1,0,1,0,1,1,0,1,2,1,1,2,2,0,1,0,2,1,0,0,0,1,1,1,1,2
0,0,0,0,0,0,0,0,0,0,0,0,0,0,0,1,0,0,1,1,0,0,0,1,0,0,0,0,0,0,0,1,1,0,0,0,1,0,0,0,0,0,0,0,1,0,0,0,0,1,1,0,0,0,0,0,0,1,0,1,0,0,0,0,0,1,0,1,0,0,2,0,0,0,0,1,0,0,0,1
1,0,1,1,1,1,1,1,1,2,1,0,0,1,1,2,0,0,2,2,0,1,2,1,0,1,1,1,1,1,1,1,0,2,2,0,0,1,1,2,1,1,3,1,0,1,1,0,1,2,0,2,0,1,1,2,2,0,1,0,1,2,2,1,0,1,1,0,1,0,2,2,1,0,2,1,2,2,0,2
0,0,1,2,0,0,1,2,2,0,0,0,1,2,1,0,1,2,0,1,1,1,0,0,0,0,0,0,0,2,1,3,2,0,0,2,1,1,0,0,0,1,2,2,1,0,0,0,1,1,1,0,1,2,2,0,1,0,1,0,1,2,1,1,2,2,0,0,0,2,1,1,1,1,1,1,2,1,0,1
1,0,1,1,1,0,0,1,1,1,0,0,1,1,2,2,1,2,1,0,0,1,1,1,0,0,0,2,1,2,2,3,1,0,1,1,1,0,1,2,2,1,2,1,2,0,0,0,1,3,1,0,0,1,2,1,2,0,2,1,0,1,1,1,1,1,2,0,1,2,2,1,1,0,1,0,1,1,1,2
1,1,0,0,0,1,1,1,0,1,1,0,0,1,0,0,0,0,1,0,0,1,0,0,0,0,1,1,0,2,1,0,1,1,1,1,0,1,1,0,0,1,1,1,1,0,1,0,1,0,0,0,0,1,0,0,0,0,1,0,0,1,0,1,0,0,0,0,0,2,1,1,1,2,1,2,1,1,0,1
1,0,2,1,1,0,1,1,1,0,1,0,1,1,0,1,0,1,1,1,1,0,0,2,0,0,0,1,1,1,0,2,1,1,0,2,1,0,0,0,0,0,0,1,2,0,0,0,0,2,0,1,1,1,1,0,1,0,0,1,1,0,0,0,2,1,1,0,0,2,2,0,1,1,0,0,0,0,1,0
1,0,0,1,0,0,0,0,0,1,0,0,0,1,1,2,0,2,0,1,0,0,0,1,0,0,0,0,1,1,0,2,0,0,0,0,1,0,0,0,0,1,1,1,2,0,0,0,1,2,1,0,0,0,1,1,2,1,1,0,0,1,1,1,1,1,0,0,2,0,1,0,0,0,0,1,2,0,0,0
1,1,1,0,1,1,0,0,1,0,0,0,1,0,2,2,1,1,0,1,0,2,1,0,0,0,0,2,1,1,1,1,0,0,1,1,2,1,0,1,0,1,2,1,1,0,0,0,1,1,1,0,0,1,1,2,1,1,1,1,0,1,0,2,1,1,1,1,0,1,2,1,1,0,0,1,1,0,0,1
0,0,1,0,1,0,0,0,0,1,0,0,0,0,0,0,0,0,0,0,0,0,0,0,0,0,0,0,0,0,0,0,0,0,1,0,0,0,0,1,0,0,1,0,0,0,0,0,0,0,0,0,0,0,0,0,0,0,1,0,0,0,0,0,0,0,0,1,1,0,0,1,0,0,0,0,0,0,0,1
0,1,1,0,0,0,0,0,0,0,0,0,1,0,0,0,0,1,0,0,0,0,0,0,0,0,0,1,1,0,0,0,1,0,1,0,0,0,0,1,0,1,1,1,0,0,0,0,1,0,0,0,1,1,0,1,0,0,1,1,1,0,0,1,0,0,0,0,0,1,1,0,1,1,0,0,0,1,0,1
1,0,0,0,0,0,0,0,1,0,1,1,1,1,1,0,0,1,0,0,1,0,0,0,0,0,0,0,1,1,0,2,1,0,0,1,1,0,0,0,0,0,0,0,0,0,0,0,0,2,1,0,0,0,1,0,1,0,0,1,1,0,0,1,1,1,1,0,0,1,1,0,0,1,0,0,0,0,1,0
1,0,0,1,0,0,0,0,1,0,0,1,1,1,2,0,0,1,0,2,1,1,0,2,0,1,0,0,1,2,1,2,1,1,0,0,1,0,0,0,0,1,1,1,0,0,1,0,1,1,0,0,0,1,1,1,1,1,1,1,0,1,0,1,1,2,0,0,0,1,1,0,0,1,0,1,0,0,2,1
1,0,1,0,1,0,0,1,0,0,0,1,0,0,1,0,0,1,0,1,0,1,1,1,0,1,1,1,0,1,0,1,1,0,1,1,0,0,0,2,0,1,1,0,1,1,0,0,0,1,1,0,0,0,1,2,1,2,0,0,0,1,1,1,1,1,0,0,2,0,1,1,0,1,0,1,1,1,1,1
1,1,0,1,1,0,1,0,2,1,1,0,0,1,1,0,0,1,2,2,2,1,1,1,0,0,1,2,1,0,0,2,1,1,0,1,2,1,0,0,0,1,2,2,1,0,1,0,1,1,1,1,1,1,1,0,1,1,0,1,1,1,0,1,1,2,1,1,1,2,1,0,0,2,1,2,0,0,1,1
0,1,0,2,1,0,1,0,1,0,1,0,1,1,1,1,0,1,1,2,1,0,0,1,0,0,0,1,0,0,0,2,1,1,0,2,1,1,0,0,0,1,1,1,2,0,1,0,0,2,0,1,0,1,1,0,1,1,0,0,0,1,0,0,1,1,1,0,0,1,1,0,0,1,1,1,1,0,1,0
1,0,2,1,2,2,0,2,1,1,1,1,1,1,2,2,1,1,3,3,0,2,2,1,0,0,2,2,1,2,2,0,1,1,2,1,1,1,1,0,1,1,3,3,2,1,1,1,2,1,1,0,1,1,1,2,0,1,2,1,1,1,2,0,1,3,1,1,0,1,2,2,1,0,2,2,2,2,0,3
1,0,1,0,0,1,0,0,1,1,0,0,0,1,1,1,1,0,2,1,1,1,0,0,0,1,1,1,1,1,1,1,0,1,1,2,1,0,1,0,0,0,1,1,0,0,1,0,1,0,1,0,0,1,1,0,0,0,1,0,1,1,0,0,0,1,1,0,0,3,2,0,1,1,2,2,1,1,0,1
1,0,1,0,1,0,0,0,2,0,1,0,1,1,1,0,0,2,0,0,1,1,0,0,0,0,0,1,0,1,1,1,1,0,0,1,0,0,0,0,0,0,0,1,2,0,1,0,0,0,0,0,1,0,1,0,0,0,0,0,0,0,0,0,1,1,0,2,0,2,0,0,1,0,1,1,0,0,0,0
0,0,0,0,0,0,1,0,1,0,1,0,1,1,0,0,0,2,0,1,1,0,0,1,1,1,0,0,1,0,0,2,1,0,0,2,1,1,1,0,0,1,1,1,2,0,0,0,0,1,1,0,1,1,1,0,1,0,0,0,1,1,1,1,1,2,0,0,0,1,1,0,0,1,1,1,0,0,0,0
1,0,2,0,1,1,1,1,0,2,0,0,0,0,1,1,0,0,2,1,1,2,0,1,0,0,1,0,1,1,2,1,2,1,2,0,0,1,0,2,0,1,2,1,1,0,1,0,2,1,1,1,0,1,1,2,1,1,1,0,0,1,1,1,0,1,1,1,2,2,0,1,1,1,1,2,1,1,1,1
2,0,1,1,1,1,0,1,1,2,0,0,0,0,1,1,1,0,1,1,0,1,1,2,0,0,1,1,0,2,1,1,1,0,1,0,0,1,1,1,0,1,1,2,0,0,1,0,1,0,0,0,0,1,1,1,0,0,2,1,1,1,0,0,0,1,2,1,0,1,2,2,1,0,1,2,0,0,0,1
0,1,1,1,1,1,0,0,1,1,0,0,0,0,1,0,0,1,1,0,1,0,0,1,0,0,0,0,0,1,1,1,0,0,1,1,1,0,0,1,0,0,0,1,0,0,0,0,0,0,1,1,1,1,1,1,1,1,0,0,1,0,0,0,1,0,2,2,1,1,1,0,0,1,1,0,0,0,0,1
0,0,2,0,1,0,1,0,1,1,0,0,1,1,0,1,0,1,0,1,1,0,0,0,0,0,0,0,0,0,0,1,1,0,1,0,1,0,0,1,1,0,0,1,1,0,0,0,0,1,0,0,1,0,1,0,1,0,1,0,0,0,1,0,1,1,0,0,0,1,1,1,1,0,1,0,1,0,0,1
0,0,0,1,1,0,1,0,0,2,1,1,1,0,0,2,0,2,0,2,0,0,0,1,1,1,0,0,2,0,0,0,0,0,0,2,1,1,1,0,0,1,1,1,2,0,0,1,1,2,1,0,0,1,0,1,1,0,1,0,0,1,1,0,0,1,1,0,2,1,0,0,2,2,1,1,1,0,1,1
0,0,0,0,1,0,0,0,0,0,0,0,0,0,0,0,0,1,0,2,0,0,0,0,0,0,0,0,0,0,0,1,0,0,0,0,0,0,1,0,0,1,0,1,1,0,0,0,0,1,0,0,0,0,0,0,1,0,0,0,0,1,0,0,0,0,0,0,1,0,0,0,0,0,0,1,0,0,0,1
1,0,0,0,1,0,0,0,2,0,1,1,1,0,1,1,0,1,1,1,1,0,1,1,0,1,0,1,1,1,1,1,0,0,1,1,1,0,0,1,1,0,1,1,0,0,0,0,0,2,2,0,0,0,0,1,0,1,0,0,1,0,0,1,0,1,1,2,1,1,1,1,0,1,0,0,1,0,0,1
2,1,2,2,1,0,1,1,1,0,1,1,1,1,2,2,0,3,2,2,1,0,1,2,1,1,0,1,1,2,1,3,1,0,1,2,1,0,0,1,0,1,0,2,2,0,1,0,1,3,1,0,1,1,1,1,2,1,0,1,1,2,1,2,1,2,1,2,2,2,1,0,1,2,1,2,1,0,2,1
0,0,1,1,1,1,0,1,1,1,0,0,0,0,1,1,0,1,2,1,1,1,1,1,0,1,0,1,0,2,1,3,1,1,1,1,2,1,1,1,1,1,2,0,1,0,0,0,1,2,1,1,0,1,1,1,1,0,1,0,1,1,1,0,1,2,2,1,1,1,2,1,1,0,1,1,1,1,1,2
0,0,2,2,2,1,0,2,2,1,1,1,1,0,2,2,1,0,1,2,1,2,2,1,0,0,0,0,1,1,2,2,0,2,2,1,0,0,1,2,1,0,2,1,0,1,0,0,0,2,1,0,0,0,1,1,1,0,2,0,2,1,2,1,0,1,1,1,1,0,1,1,0,1,1,0,3,1,2,2
0,0,0,0,1,0,0,0,0,1,0,0,0,1,0,1,0,1,0,0,0,0,0,0,0,0,0,0,1,0,0,1,0,0,0,0,0,0,0,0,0,0,0,0,1,0,0,0,0,1,0,1,0,0,1,0,1,1,0,0,1,0,1,0,1,0,0,1,1,0,0,0,1,0,0,0,1,0,0,0
1,1,0,0,0,0,1,2,1,1,0,0,0,0,0,0,0,1,0,0,1,0,0,0,0,0,0,1,0,1,1,1,1,1,0,1,1,0,0,0,0,0,1,0,0,0,0,0,0,0,1,0,0,1,1,0,0,0,0,0,1,0,1,0,1,0,0,1,0,1,1,0,0,1,0,0,1,0,1,2
0,0,1,0,1,0,0,0,0,0,0,0,0,0,0,0,0,0,0,0,0,0,0,0,0,0,0,0,0,0,0,1,0,0,0,0,0,0,0,1,0,0,0,0,0,0,0,0,1,0,0,0,0,0,0,0,0,0,0,0,0,0,0,0,1,0,0,0,0,1,0,1,0,0,0,0,0,0,0,0
1,0,0,0,0,0,0,1,1,0,0,0,1,1,0,0,0,1,1,1,1,0,1,1,0,1,0,1,0,1,0,2,1,0,0,2,1,0,0,1,0,0,1,1,0,0,0,1,0,2,1,0,0,0,1,0,1,1,0,1,1,1,0,0,1,1,1,1,2,1,1,2,0,2,1,1,0,1,1,1
1,0,1,1,2,1,1,1,1,1,1,0,1,1,2,2,1,2,1,3,0,2,2,1,0,0,2,1,1,1,2,1,0,0,1,1,0,0,1,2,1,2,3,2,2,1,0,0,2,0,1,0,0,1,1,1,2,0,1,0,0,1,2,2,2,3,1,0,1,0,1,2,0,0,1,0,2,2,0,2
1,0,1,1,1,1,0,1,1,0,1,0,1,1,1,1,1,0,1,1,0,0,1,1,0,0,1,0,1,1,0,1,1,0,1,1,0,1,0,1,0,2,1,1,1,0,1,0,1,1,0,0,0,1,0,1,1,0,0,0,0,0,1,1,0,1,0,0,0,0,2,0,0,0,1,1,0,1,0,1
0,0,0,0,0,1,0,0,0,0,1,0,0,0,1,0,0,2,0,0,0,1,0,0,0,0,0,0,0,1,1,0,0,0,0,1,0,1,0,0,0,0,0,1,0,1,0,0,0,0,0,0,0,0,0,0,0,0,1,0,0,0,0,0,0,1,0,0,0,2,0,0,1,0,1,1,0,0,0,1
0,0,0,0,0,0,0,0,0,2,0,0,0,0,0,0,0,0,1,0,0,1,0,0,0,1,0,0,0,1,0,1,0,1,1,0,0,1,1,0,0,0,1,0,0,0,0,0,0,0,0,0,0,0,1,0,1,0,1,0,0,0,0,0,0,0,0,0,0,0,0,0,0,0,1,1,2,1,0,1
1,0,0,0,1,0,0,0,1,1,0,1,0,0,1,0,0,1,2,1,1,1,0,1,0,1,0,1,0,1,1,1,1,0,1,1,1,1,0,1,0,0,1,1,0,0,1,0,0,1,1,0,0,0,0,1,0,2,0,0,1,0,0,0,1,2,1,2,1,2,1,1,1,1,1,1,0,0,0,1
1,0,1,1,1,1,0,1,1,1,0,1,0,0,1,1,0,1,2,2,0,1,1,1,0,0,1,1,1,1,1,1,1,1,1,1,1,1,1,0,0,0,1,1,1,1,1,0,1,1,0,0,1,0,0,1,0,0,1,1,1,0,1,0,1,1,1,0,0,1,1,1,1,0,1,1,1,1,0,2
1,0,0,0,1,0,1,0,0,0,1,0,1,0,1,0,0,2,0,1,0,0,1,2,0,1,0,1,2,0,0,2,0,0,0,2,1,1,0,1,0,1,1,1,1,0,0,0,0,1,1,0,0,1,1,0,1,0,2,1,0,1,0,2,1,2,1,0,0,1,1,1,0,1,0,1,0,0,0,0
0,0,1,1,2,1,1,1,1,0,1,1,1,1,1,1,0,2,1,2,0,1,2,1,0,0,1,1,1,1,1,0,0,0,1,1,0,1,1,1,1,0,2,1,1,1,0,0,1,2,1,0,1,0,0,1,0,0,1,0,1,0,1,1,0,2,1,1,0,0,1,1,0,2,1,0,0,1,0,2
0,0,0,0,0,0,0,0,0,0,0,0,0,0,1,0,1,0,0,0,0,0,1,1,0,0,0,1,2,1,1,1,0,0,0,1,0,1,0,0,0,1,1,0,0,1,0,0,1,0,0,0,0,2,0,0,0,0,1,1,0,0,0,0,1,1,0,0,0,0,1,0,1,0,1,0,0,0,0,1
0,0,2,0,1,0,2,1,1,0,0,1,2,1,1,1,0,1,1,2,1,0,1,1,1,1,0,1,0,0,0,2,1,0,0,1,2,0,1,1,0,0,0,1,2,0,0,0,0,1,0,1,1,0,1,2,1,1,0,0,1,0,0,0,2,2,0,2,0,1,1,0,1,2,1,0,0,0,0,0
1,0,0,0,0,1,0,1,0,0,0,1,2,0,1,1,1,0,0,1,0,1,0,1,0,1,1,1,0,1,0,1,0,0,0,0,1,0,0,0,0,0,1,0,0,0,0,0,1,0,0,0,0,0,1,1,0,1,0,0,0,0,0,1,0,1,0,1,0,0,0,0,1,0,1,1,0,0,0,1
2,1,0,0,0,1,1,0,0,1,1,0,1,1,1,0,0,1,1,0,0,1,0,0,0,1,1,0,0,1,0,1,1,0,1,0,1,1,0,0,0,1,1,1,2,1,1,0,1,0,0,0,0,1,1,0,1,0,1,0,0,1,0,0,1,2,0,0,0,0,1,0,2,0,1,2,1,1,0,1
0,0,1,1,1,0,0,2,1,1,1,1,1,0,0,1,0,2,2,1,1,0,1,1,0,0,0,1,1,1,1,1,1,0,1,1,1,0,0,1,1,0,2,1,1,0,0,0,1,1,0,0,0,0,0,1,0,0,0,0,1,0,1,0,0,1,1,1,0,1,2,1,0,1,1,0,1,0,1,1
1,0,1,1,2,0,1,0,0,1,1,0,0,1,1,2,0,2,1,1,0,0,1,0,0,0,0,0,1,0,0,2,0,0,1,1,0,0,1,1,0,0,1,1,2,1,1,0,0,2,1,0,0,0,1,0,1,0,0,0,0,1,0,0,1,1,1,0,0,1,1,1,0,0,1,1,1,0,1,1
1,0,1,0,0,0,0,1,1,0,1,1,0,1,0,1,0,1,1,1,1,0,1,2,0,1,1,1,1,1,0,0,0,0,1,1,0,0,0,0,0,1,2,0,1,0,0,0,0,2,1,0,0,0,0,2,1,0,0,1,0,0,0,0,0,1,1,0,2,0,1,0,0,1,0,0,1,0,0,0
0,0,1,1,1,1,0,1,1,1,0,1,1,0,1,1,0,0,2,1,0,2,1,1,0,0,1,1,1,1,1,1,0,1,1,0,0,1,1,0,0,0,1,1,0,1,1,1,1,2,0,0,0,1,1,1,0,1,2,0,1,0,1,0,0,2,1,1,1,1,1,1,1,0,1,1,2,1,0,2
1,1,1,2,1,1,0,0,1,0,0,0,0,1,2,2,1,1,2,1,0,1,1,1,0,0,1,2,1,2,1,3,1,1,2,1,1,0,1,1,0,1,2,2,1,0,0,0,1,3,1,1,0,2,1,2,2,1,2,1,2,1,1,1,2,0,2,1,0,2,2,2,1,1,1,1,1,0,0,2
1,1,1,1,0,0,0,0,0,0,0,0,0,1,2,2,0,1,0,2,0,1,0,1,0,0,1,0,0,1,1,1,1,0,0,1,2,2,0,1,0,1,1,2,1,0,0,0,1,1,0,0,0,1,1,1,1,0,0,0,0,1,1,1,1,2,0,2,0,0,1,0,0,0,0,0,1,0,0,1
1,1,0,0,1,0,0,0,0,2,1,0,0,0,0,0,1,0,0,0,0,0,0,1,1,0,0,0,0,1,0,1,0,2,0,1,1,2,0,0,0,2,2,1,1,1,1,0,1,0,0,0,0,2,0,0,1,0,2,1,0,1,0,0,1,1,2,0,1,0,1,0,0,2,0,1,0,0,0,0
0,1,1,2,2,0,0,1,0,0,1,0,1,0,0,1,0,1,0,1,0,0,2,0,1,0,0,0,2,1,0,0,0,0,0,2,0,1,0,2,1,1,2,1,1,1,0,0,2,1,0,0,0,1,0,0,0,0,0,0,0,0,0,2,1,0,0,1,0,0,1,1,0,0,0,1,0,0,0,1
2,1,0,1,1,1,1,1,2,3,1,0,0,1,1,0,0,0,2,2,2,2,0,1,0,1,1,1,0,2,1,1,3,2,1,2,1,1,1,1,0,1,2,1,0,0,1,1,1,0,0,2,0,2,1,1,0,0,1,0,0,1,1,0,1,2,0,0,0,0,2,1,1,1,1,3,1,1,0,2
2,0,1,0,0,1,0,0,2,2,0,1,2,1,2,2,2,2,1,2,1,2,1,2,0,1,1,1,1,1,1,2,2,0,1,0,2,1,1,0,0,1,1,2,1,0,1,0,1,1,2,0,0,1,1,1,1,1,1,0,1,2,1,1,1,2,1,1,1,2,0,1,2,1,2,1,1,1,0,1
1,0,0,0,0,0,0,1,0,0,0,0,1,1,1,1,0,2,1,1,1,0,0,1,1,0,0,0,1,0,0,2,0,0,0,1,2,0,1,0,0,1,0,1,1,0,0,1,2,2,0,0,0,1,1,1,1,0,0,0,0,1,1,0,1,2,0,0,1,1,1,0,1,0,0,1,2,0,1,0
1,0,0,0,1,1,1,0,1,1,0,0,1,0,0,0,0,1,1,1,1,1,0,1,0,1,0,0,0,0,0,1,1,1,0,1,1,0,1,2,0,0,1,1,0,1,0,0,0,0,0,1,0,1,1,0,0,1,1,1,2,0,0,0,1,1,0,0,0,1,2,1,0,1,0,0,0,0,1,1
1,0,0,0,0,0,0,0,0,2,1,1,0,0,1,0,0,0,1,0,2,1,0,0,0,1,1,1,1,2,1,0,1,0,1,1,0,1,0,2,0,1,2,0,1,0,1,0,2,0,0,0,0,1,0,1,2,0,2,0,0,1,0,1,0,1,0,2,0,1,1,0,1,0,1,2,0,0,1,0
0,0,0,0,0,0,1,1,1,0,0,0,1,1,1,0,0,2,1,1,1,0,0,0,0,0,0,0,0,1,1,2,2,1,1,1,1,1,1,1,0,0,1,1,1,0,0,0,1,1,1,1,1,1,1,0,1,1,1,1,1,1,1,0,1,1,0,0,0,1,2,0,0,1,0,1,0,1,1,1
1,1,1,0,1,0,1,1,2,1,1,0,1,1,0,1,1,1,1,0,2,0,1,1,0,0,0,1,1,2,1,2,2,1,1,2,2,0,0,1,1,0,2,1,0,0,0,0,1,0,1,1,1,1,1,1,0,0,0,1,2,0,1,0,1,1,0,1,1,3,1,1,0,2,1,0,2,0,1,1
1,0,2,1,3,0,2,0,1,0,1,1,1,1,0,1,0,2,2,1,1,0,2,1,0,0,0,0,1,0,1,2,1,0,0,1,0,0,1,1,0,1,1,1,3,1,1,0,0,2,0,0,2,0,1,0,0,0,0,0,1,1,1,1,2,1,1,0,0,1,1,2,0,0,0,2,0,0,1,2
0,0,1,0,0,0,1,0,1,1,0,0,1,1,1,1,0,2,1,1,1,0,0,0,0,1,0,0,1,0,0,2,1,0,0,1,0,0,0,0,0,0,0,1,1,0,0,0,1,2,1,0,1,0,1,0,1,0,0,0,1,0,0,0,1,0,0,0,0,1,1,0,0,0,1,0,0,0,0,0
1,0,1,0,0,0,0,0,0,1,1,0,0,1,1,1,0,0,0,1,0,1,0,0,0,0,1,2,1,1,1,0,0,0,0,1,0,0,0,1,0,0,2,1,2,0,1,0,1,0,0,0,0,0,0,0,0,0,0,0,0,1,1,0,0,0,0,0,0,0,0,1,1,1,1,1,1,0,0,0
1,0,1,1,0,0,0,1,1,0,0,1,1,1,2,2,1,2,1,2,1,0,0,1,1,1,0,1,1,1,0,3,1,0,0,1,1,1,1,1,1,1,1,2,2,0,2,0,1,2,1,1,1,1,2,0,2,1,0,1,1,1,1,0,2,2,1,0,1,2,1,0,1,0,1,1,2,0,0,0
