100
19 72 83 36 75 19 10 97 37 30 57 34 67 43 43 55 14 17 66 6 75 23 30 80 30 6 49 101 47 54 84 11 84 16 95 40 74 30 96 86 65 24 56 94 74 29 95 42 82 26 30 34 78 94 22 54 2 93 27 88 94 56 66 31 49 55 32 73 61 59 62 45 43 9 50 88 18 83 3 82 9 74 54 20 53 54 56 14 96 60 55 90 33 37 20 49 98 9 51 80 
0 2 0 0 4 0 0 0 1 0 0 0 5 5 1 0 2 5 10 2 4 5 2 0 3 5 0 0 0 0 10 5 0 0 0 0 1 1 5 1 0 0 5 2 5 10 3 0 0 1 5 2 3 4 5 2 5 2 0 5 5 0 0 0 5 4 2 4 0 0 4 1 5 0 2 1 5 5 1 0 5 5 5 2 5 1 1 1 0 5 2 0 1 3 5 2 5 5 5 2 
2 0 0 2 0 2 10 1 6 1 1 5 5 10 2 2 5 5 5 5 5 0 5 2 5 4 0 10 0 0 1 2 1 10 5 5 2 4 2 2 6 1 1 1 0 0 2 0 10 5 2 0 2 2 6 1 0 1 0 0 5 1 0 5 2 1 0 0 10 5 4 2 1 2 0 5 10 2 10 2 0 5 5 2 5 1 0 2 0 3 0 0 2 1 5 5 6 2 2 2 
0 0 0 5 2 0 0 5 0 0 0 0 0 2 3 0 1 0 0 0 4 0 1 0 0 2 6 2 2 2 1 2 5 2 10 5 0 5 0 5 0 2 1 5 10 10 5 2 0 3 0 5 5 0 0 2 0 2 0 3 0 6 10 0 2 2 0 10 0 5 1 0 0 5 5 0 0 2 0 0 2 2 0 2 5 0 0 0 0 0 0 4 0 0 0 1 1 0 3 2 
0 2 5 0 2 0 5 10 0 0 0 5 3 2 0 1 0 1 5 2 2 2 2 0 0 2 10 2 0 5 5 5 1 1 0 10 0 5 5 5 0 0 5 1 0 3 4 2 0 0 0 1 10 0 10 10 5 0 2 5 5 2 1 2 5 2 2 1 0 4 4 1 1 5 2 0 1 3 5 4 10 1 0 0 5 2 1 10 3 1 5 5 0 1 5 10 10 10 10 1 
4 0 2 2 0 0 0 0 5 0 5 2 5 6 2 5 0 5 2 0 0 5 0 10 5 2 10 2 5 0 2 1 2 0 1 0 0 2 10 3 1 2 0 5 5 2 3 10 1 0 4 5 4 5 0 2 5 0 0 0 0 4 10 5 0 1 0 5 0 0 2 0 3 1 2 0 5 2 10 10 5 5 5 0 2 5 5 10 3 0 5 2 0 5 5 0 5 5 0 5 
0 2 0 0 0 0 2 0 0 1 10 0 3 2 10 1 5 0 2 0 1 0 0 2 2 0 0 5 0 5 3 2 2 5 0 0 4 2 1 0 1 1 5 3 0 5 2 0 5 0 3 0 0 5 0 2 5 5 3 0 0 1 4 2 0 10 0 10 0 0 0 2 2 5 5 0 10 3 2 5 2 5 1 10 0 4 5 0 4 10 10 2 2 2 4 2 1 0 5 2 
0 10 0 5 0 2 0 0 1 0 0 5 0 4 1 1 5 1 0 0 5 2 5 1 0 10 5 6 2 5 0 0 0 0 10 5 2 1 0 5 0 0 1 0 0 10 3 5 1 0 3 5 4 0 1 5 1 2 5 2 5 1 2 5 0 0 2 0 2 10 0 5 2 1 0 10 1 2 0 0 0 2 2 2 0 2 0 2 0 4 2 2 1 0 5 1 5 3 5 10 
0 1 5 10 0 0 0 0 0 1 0 0 1 0 0 5 5 0 4 2 1 5 0 5 0 0 0 0 0 2 2 5 10 2 0 0 5 5 4 5 0 0 5 5 1 3 0 1 1 2 1 2 0 0 2 2 6 0 5 2 1 2 2 1 0 10 5 10 5 2 1 5 5 0 10 0 5 0 5 3 3 2 0 0 0 5 5 0 5 2 0 4 5 0 0 2 0 10 3 10 
1 6 0 0 5 0 1 0 0 2 0 2 0 3 1 10 0 0 4 1 0 5 0 5 1 0 5 1 6 5 3 1 0 5 5 2 5 0 0 5 0 5 2 5 0 0 0 5 0 2 0 2 0 5 4 0 4 0 5 5 5 10 6 2 4 6 3 10 0 5 0 3 2 0 0 2 2 5 2 5 0 5 10 10 6 0 1 2 10 0 2 0 4 0 1 5 2 10 5 0 
0 1 0 0 0 1 0 1 2 0 0 0 2 2 2 4 2 0 3 1 5 3 0 5 1 5 5 5 5 0 2 5 0 5 2 0 0 2 5 10 5 5 1 0 10 4 1 0 0 2 2 3 5 5 1 5 5 10 0 5 1 3 0 5 5 0 2 0 0 1 2 5 10 1 2 5 0 2 0 10 0 1 5 2 0 2 1 0 0 0 2 0 2 2 10 0 0 2 0 2 
0 1 0 0 5 10 0 0 0 0 0 4 6 10 2 10 2 0 5 0 0 1 0 4 5 0 5 0 1 0 2 0 5 1 0 0 1 5 5 5 2 4 1 0 1 2 5 5 0 5 6 2 0 4 5 5 0 0 1 5 0 6 5 5 6 5 5 0 2 0 5 0 2 0 5 2 5 5 0 0 2 0 2 5 0 0 0 5 1 5 4 2 4 5 10 2 0 5 0 1 
0 5 0 5 2 0 5 0 2 0 4 0 3 0 0 6 5 0 0 0 6 1 6 1 0 10 2 1 2 10 0 0 1 1 5 2 0 2 5 5 1 0 2 2 5 5 2 5 5 5 0 3 5 0 1 6 5 2 5 2 10 10 4 1 0 10 0 0 0 2 4 0 2 0 0 2 5 4 2 2 0 0 2 1 4 0 0 2 2 1 0 0 10 1 4 5 0 0 4 2 
5 5 0 3 5 3 0 1 0 2 6 3 0 5 0 10 0 0 0 2 2 5 0 3 5 2 5 0 2 1 3 2 2 6 1 1 1 2 6 2 1 0 5 2 2 0 2 0 4 3 0 0 0 5 10 2 2 1 4 10 5 2 5 0 0 0 5 5 1 5 5 10 1 0 5 0 2 2 0 1 5 0 5 5 5 0 2 0 0 5 0 2 0 5 5 2 0 0 5 3 
5 10 2 2 6 2 4 0 3 2 10 0 5 0 2 5 3 1 5 5 3 1 0 2 1 5 1 0 1 0 5 0 0 2 4 4 5 10 2 1 5 0 5 4 2 10 2 4 2 0 0 5 10 2 0 2 0 0 3 2 0 4 10 1 0 1 0 5 2 3 5 0 1 4 5 5 10 6 1 10 5 5 1 2 0 1 6 2 4 3 2 1 2 5 2 2 1 2 5 3 
1 2 3 0 2 10 1 0 1 2 2 0 0 2 0 5 3 0 5 1 0 10 2 2 5 3 2 10 0 0 0 4 2 5 2 2 10 0 0 1 0 1 1 0 0 1 3 2 0 2 6 5 1 2 1 6 5 1 0 0 0 2 2 1 1 5 0 10 5 0 5 0 0 0 5 3 5 0 3 2 2 0 2 5 0 2 0 5 0 1 0 0 0 0 0 5 1 10 5 4 
0 2 0 1 5 1 1 5 10 4 10 6 10 5 5 0 0 3 5 2 10 5 0 0 5 4 0 5 2 10 5 5 5 0 5 2 3 0 10 2 0 2 2 0 1 6 0 2 10 5 0 10 0 2 5 0 2 0 2 6 10 5 0 3 1 0 2 5 0 1 0 0 0 0 0 2 1 1 0 10 5 5 4 0 4 10 2 10 5 1 0 0 3 2 1 2 10 2 5 0 
2 5 1 0 0 5 5 5 0 2 2 5 0 3 3 0 0 0 2 5 10 0 2 1 5 0 5 1 10 0 0 1 0 0 5 3 1 0 0 0 10 2 2 5 2 2 2 5 5 1 0 5 10 0 6 0 1 1 5 0 2 1 5 5 0 0 0 0 4 0 2 5 5 2 0 0 3 3 3 2 5 2 2 5 4 5 5 0 5 0 5 5 0 0 2 5 2 2 1 0 
5 5 0 1 5 0 1 0 0 0 0 0 0 1 0 3 0 0 2 5 2 1 0 0 5 2 2 6 1 2 0 1 0 1 1 1 0 0 1 2 2 1 2 0 2 1 5 2 2 2 0 5 10 0 5 0 5 0 0 2 0 0 0 5 5 5 1 1 0 2 5 4 5 0 5 0 0 0 5 3 1 2 5 5 0 2 6 5 2 0 10 5 5 5 0 6 10 0 2 2 
10 5 0 5 2 2 0 4 4 3 5 0 0 5 5 5 2 2 0 2 0 5 5 2 5 10 4 0 2 0 4 5 2 2 0 0 2 10 2 2 5 5 1 10 4 2 0 2 3 1 5 5 0 4 0 5 0 0 3 1 2 2 2 1 0 5 1 10 2 0 0 2 2 5 1 3 5 0 10 0 0 0 5 5 2 10 0 2 5 2 0 5 0 4 2 1 0 5 5 2 
2 5 0 2 0 0 0 2 1 1 0 0 2 5 1 2 5 5 2 0 1 0 0 2 0 2 2 0 0 5 0 0 5 2 5 5 2 0 0 6 5 0 0 5 3 6 0 5 0 0 3 1 1 5 1 4 5 0 0 0 2 0 5 5 0 2 2 1 10 5 5 0 5 0 0 5 5 4 5 1 5 1 2 5 4 5 1 10 0 2 10 0 5 5 2 0 0 5 5 2 
4 5 4 2 0 1 5 1 0 5 0 6 2 3 0 10 10 2 0 1 0 0 0 5 10 2 0 5 2 0 1 0 2 0 5 5 5 1 5 5 0 2 1 3 1 0 1 0 1 10 2 5 1 10 2 3 0 1 2 5 1 0 2 3 0 4 3 5 1 2 1 4 2 0 5 2 2 0 5 2 2 0 0 0 5 0 1 5 2 0 1 1 2 5 0 1 0 10 2 2 
5 0 0 2 5 0 2 5 5 3 1 1 5 1 10 5 0 1 5 0 0 0 0 0 5 6 5 0 1 2 4 10 5 5 5 3 0 2 5 2 0 2 10 1 5 10 10 10 0 0 0 4 1 5 0 10 0 0 5 0 2 2 0 5 5 0 0 0 2 5 2 2 0 10 1 2 5 0 1 3 1 0 0 4 5 5 10 6 10 2 3 2 1 0 5 1 0 5 0 2 
2 5 1 2 0 0 5 0 0 0 0 6 0 0 2 0 2 0 5 0 0 0 0 0 0 5 1 0 10 2 0 3 5 0 5 0 2 5 0 5 5 10 0 3 5 5 5 5 2 3 0 5 0 0 5 4 10 6 0 0 5 10 1 10 0 0 1 0 0 5 1 2 2 4 0 0 0 2 5 2 5 5 3 4 10 0 2 10 5 5 5 1 1 0 1 5 0 0 2 0 
0 2 0 0 10 2 1 5 5 5 4 1 3 2 2 0 1 0 2 2 5 0 0 0 5 10 4 1 0 5 1 2 0 0 10 10 0 0 10 5 1 10 0 1 0 0 0 5 0 1 0 0 3 6 0 2 10 1 0 0 3 0 2 2 4 1 5 0 5 2 4 0 5 2 0 2 1 0 0 10 1 0 1 5 5 2 0 0 5 4 5 10 10 4 1 0 5 2 5 2 
3 5 0 0 5 2 0 0 1 1 5 0 5 1 5 5 5 5 5 0 10 5 0 5 0 2 2 0 0 1 1 10 1 5 0 0 0 10 0 5 2 5 10 0 1 0 2 5 5 1 0 5 2 0 5 10 3 10 1 10 0 0 10 5 1 0 0 1 2 0 10 0 1 0 5 2 10 0 10 1 0 2 2 0 0 1 0 0 5 2 5 0 5 0 10 5 2 2 0 0 
5 4 2 2 2 0 10 0 0 5 0 10 2 5 3 4 0 2 10 2 2 6 5 10 2 0 1 0 2 10 0 2 0 5 10 0 0 5 1 10 5 1 5 2 2 10 0 3 5 1 3 0 5 2 5 0 5 2 4 0 10 5 2 0 5 3 2 0 5 1 2 4 5 0 2 0 2 1 0 0 4 1 0 1 5 5 5 2 1 10 2 0 4 10 1 3 2 10 0 6 
0 0 6 10 10 0 5 0 5 5 5 2 5 1 2 0 5 2 4 2 0 5 1 4 2 1 0 2 0 0 10 1 0 0 0 0 0 0 0 1 1 2 0 5 2 4 2 0 0 2 2 10 0 0 2 1 5 1 4 5 1 5 4 1 3 0 1 0 2 5 0 0 2 0 10 2 2 0 0 10 2 2 1 0 0 1 1 2 0 5 3 1 5 0 3 5 5 0 0 0 
0 10 2 2 2 5 6 0 1 5 0 1 0 0 10 5 1 6 0 0 5 0 0 1 0 0 2 0 0 3 10 0 4 1 0 1 2 4 0 5 10 0 3 0 0 5 5 0 2 2 2 0 5 6 0 0 10 5 2 5 5 2 2 0 5 2 5 2 2 2 0 0 0 2 5 0 5 0 0 3 1 2 0 0 10 6 0 3 6 5 10 2 2 1 0 2 2 3 0 4 
0 0 2 0 5 0 2 0 6 5 1 2 2 1 0 2 10 1 2 0 2 1 10 0 0 2 0 0 0 1 3 5 2 1 1 0 0 5 0 5 0 0 2 5 1 2 1 5 1 2 4 5 3 1 5 10 2 5 5 0 10 0 2 0 10 2 3 0 5 0 0 2 5 0 5 10 0 0 0 6 0 2 0 5 2 0 1 0 5 5 1 2 0 3 0 0 0 5 5 5 
0 0 2 5 0 5 5 2 5 0 0 10 1 0 0 10 0 2 0 5 0 2 2 5 1 10 0 3 1 0 10 3 0 0 0 1 0 0 0 2 2 0 1 2 1 1 10 5 1 0 2 0 0 2 0 0 3 2 1 2 0 2 3 10 2 5 3 3 0 0 2 10 5 5 2 5 5 2 3 10 0 5 1 10 10 3 2 4 6 0 0 2 0 1 10 10 2 0 0 3 
10 1 1 5 2 3 0 2 3 2 2 0 3 5 0 5 0 0 4 0 1 4 0 1 1 0 10 10 3 10 0 2 10 1 1 2 2 2 0 0 2 0 5 5 1 2 3 1 0 0 0 5 0 10 0 10 5 0 6 0 5 0 5 3 1 5 10 1 2 0 4 5 5 5 3 5 5 1 2 2 10 1 2 5 1 1 3 2 5 1 4 5 5 1 10 0 1 10 5 3 
5 2 2 5 1 2 0 5 1 5 0 0 2 0 4 5 1 1 5 0 0 10 3 2 10 2 1 0 5 3 2 0 0 4 0 0 1 1 5 10 5 0 1 1 0 0 0 0 3 5 5 2 2 0 0 5 10 0 6 10 5 10 10 5 0 0 4 1 5 0 3 2 2 4 0 5 10 2 5 0 5 0 10 2 2 2 2 10 0 1 2 4 5 3 2 2 6 1 10 6 
0 1 5 1 2 2 0 10 0 0 5 1 2 0 2 5 0 0 2 5 2 5 5 0 1 0 0 4 2 0 10 0 0 2 1 2 0 10 2 1 1 0 5 0 0 2 1 0 5 3 0 1 0 2 0 2 0 1 10 5 5 1 0 0 3 2 10 0 2 2 10 2 0 10 1 2 5 5 5 2 0 0 5 1 2 2 1 5 0 2 5 0 1 6 4 0 1 2 0 5 
0 10 2 1 0 5 0 2 5 5 1 1 6 2 5 0 0 1 2 2 0 5 0 0 5 5 0 1 1 0 1 4 2 0 0 2 0 0 2 2 3 0 1 0 2 5 0 5 2 3 10 6 2 10 5 0 5 2 3 2 0 5 0 10 5 2 5 2 2 0 0 2 5 5 10 2 5 0 2 6 10 5 0 0 0 0 5 5 3 0 1 0 5 1 10 0 2 5 5 5 
0 5 10 0 1 0 10 0 5 2 0 5 1 4 2 5 5 1 0 5 5 5 5 10 0 10 0 0 1 0 1 0 1 0 0 2 0 2 3 0 0 0 0 5 2 5 5 5 0 5 5 0 4 5 2 2 2 2 2 0 0 10 0 0 0 2 2 5 0 0 0 1 0 1 10 2 0 2 0 3 0 5 5 0 3 0 0 0 0 0 2 5 5 0 3 0 1 0 10 5 
0 5 5 10 0 0 5 0 2 0 0 2 1 4 2 2 3 1 0 5 5 3 0 10 0 0 0 1 0 1 2 0 2 2 2 0 5 10 2 2 10 2 4 5 5 10 1 2 2 0 1 1 0 5 2 0 1 0 0 5 5 0 0 5 3 0 0 5 1 5 6 0 0 2 2 10 5 1 0 5 10 10 0 5 0 2 5 2 3 2 0 2 0 4 0 5 0 0 5 2 
1 2 0 0 0 4 2 5 5 0 1 0 1 5 10 3 1 0 2 2 5 0 2 0 0 0 0 2 0 0 2 1 0 0 0 5 0 0 0 2 5 5 0 4 2 2 5 0 0 5 0 0 1 0 0 0 10 0 3 1 6 5 5 2 6 0 2 3 4 1 10 0 6 0 10 1 0 5 5 2 4 5 10 0 5 0 5 3 0 2 0 0 0 5 10 2 1 0 0 2 
1 4 5 5 2 2 1 5 0 2 5 2 2 10 0 0 0 0 10 0 1 2 5 0 10 5 0 4 5 0 2 1 10 0 2 10 0 0 2 1 5 1 0 2 10 0 5 10 1 2 2 5 5 0 0 10 6 3 5 5 0 0 2 1 2 6 3 0 0 3 0 10 0 0 0 0 0 0 0 2 10 5 0 5 2 5 0 0 5 3 3 10 1 0 5 0 5 1 6 10 
5 2 0 5 10 1 0 4 0 5 5 5 6 2 0 10 0 1 2 0 5 5 0 10 0 1 0 0 0 0 0 5 2 2 3 2 0 2 0 2 1 2 1 2 1 0 4 2 2 6 0 0 5 0 0 0 0 0 5 5 5 10 0 0 5 0 0 1 0 3 6 4 5 5 0 2 0 1 10 2 2 1 10 6 0 5 0 0 2 5 5 2 0 2 0 2 0 0 0 2 
1 2 5 5 3 0 5 5 5 10 5 5 2 1 1 2 0 2 2 6 5 2 5 5 5 10 1 5 5 2 0 10 1 2 0 2 2 1 2 0 2 0 6 2 2 0 0 2 5 0 10 0 0 0 10 0 0 6 4 6 1 0 2 5 1 5 4 10 10 1 0 2 10 0 2 0 2 0 0 5 10 1 0 5 2 3 2 1 0 0 1 5 2 4 0 0 2 2 2 4 
0 6 0 0 1 1 0 0 0 5 2 1 1 5 0 0 10 2 5 5 0 0 5 1 2 5 1 10 0 2 2 5 1 3 0 10 5 5 1 2 0 5 1 0 5 1 5 10 3 10 3 0 1 5 1 1 4 0 1 0 10 0 1 2 0 0 10 2 2 2 0 5 5 2 2 5 1 1 2 0 2 0 0 5 1 0 10 2 2 2 0 5 0 1 0 5 0 0 4 5 
0 1 2 0 2 1 0 0 5 5 4 0 0 0 1 2 2 1 5 0 2 2 10 10 5 1 2 0 0 0 0 0 0 0 0 2 5 1 2 0 5 0 0 0 2 0 2 5 5 10 1 3 5 5 1 5 0 5 10 2 0 0 2 1 2 1 5 6 2 5 4 0 2 1 1 2 1 0 2 0 5 0 4 5 5 0 5 5 5 5 0 0 5 0 2 10 10 10 0 2 
5 1 1 5 0 5 1 5 2 1 1 2 5 5 1 2 2 2 1 0 1 10 0 0 10 5 0 3 2 1 5 1 5 1 0 4 0 0 1 6 1 0 0 5 0 5 1 0 10 0 2 3 2 1 3 2 1 3 1 4 1 0 6 0 2 0 6 1 5 10 0 5 0 5 3 2 10 0 5 0 6 2 0 0 5 0 0 2 4 5 2 5 0 10 2 5 0 0 1 5 
2 1 5 1 5 3 0 5 5 0 0 2 2 4 0 0 5 0 10 5 3 1 3 1 0 2 5 0 5 2 5 1 0 0 5 5 4 2 2 2 0 0 5 0 3 0 10 0 2 2 2 0 0 2 5 2 3 1 0 2 4 2 2 5 0 1 2 0 5 5 1 1 3 1 1 0 0 10 1 0 5 1 1 2 5 3 0 2 6 5 1 0 2 0 4 0 1 3 3 0 
5 0 10 0 5 0 0 1 0 10 1 5 2 2 0 1 2 2 4 3 1 5 5 0 1 2 2 0 1 1 1 0 0 2 2 5 2 10 1 2 5 2 0 3 0 1 2 5 3 4 0 2 4 4 1 5 0 2 5 10 2 0 2 0 0 2 3 0 0 5 2 1 2 0 0 10 0 0 1 0 0 5 5 2 2 10 2 5 4 2 0 2 2 5 5 2 0 3 5 4 
10 0 10 3 2 5 10 3 0 4 2 5 0 10 1 6 2 1 2 6 0 10 5 0 0 10 4 5 2 1 2 0 2 5 5 10 2 0 0 0 1 0 5 0 1 0 5 5 2 10 10 1 0 10 0 0 10 2 2 2 5 2 10 4 0 4 5 6 0 5 2 0 1 2 0 1 5 2 5 2 4 1 0 1 2 0 2 1 0 5 5 5 5 4 1 0 0 1 5 5 
3 2 5 4 3 2 3 0 0 1 5 2 2 2 3 0 2 5 0 0 1 10 5 0 2 0 2 5 1 10 3 0 1 0 5 1 5 5 4 0 5 2 1 10 2 5 0 5 0 0 10 2 2 0 0 0 2 5 6 2 5 3 0 6 0 10 0 1 5 10 10 5 10 2 6 2 5 0 2 2 0 0 0 0 0 5 0 2 2 10 0 0 0 0 0 5 10 10 2 10 
0 0 2 2 10 0 5 1 5 0 5 5 0 4 2 2 5 2 2 5 0 10 5 5 5 3 0 0 5 5 1 0 0 5 5 2 0 10 2 2 10 5 0 0 5 5 5 0 5 5 2 0 3 5 2 2 0 2 2 0 10 0 1 1 3 0 5 5 1 0 2 5 0 3 0 10 3 0 0 1 10 5 0 2 5 0 1 0 2 2 0 10 1 3 0 0 2 2 0 5 
0 10 0 0 1 5 1 1 0 0 0 5 4 2 0 10 5 2 3 0 1 0 2 0 5 5 0 2 1 1 0 3 5 2 0 2 0 1 2 5 3 5 10 2 3 2 0 5 0 0 5 10 4 0 0 0 2 0 0 1 1 0 2 2 0 0 2 5 0 5 1 2 5 1 0 3 2 0 2 5 5 2 0 0 5 1 0 2 10 0 2 5 3 5 4 5 2 4 0 0 
1 5 3 0 0 0 0 2 2 2 5 5 3 0 2 5 1 2 1 0 10 0 3 1 1 1 2 2 2 0 0 5 3 3 5 0 5 2 6 0 10 10 0 2 4 10 0 5 0 0 2 0 5 3 0 0 1 1 2 0 4 5 0 4 2 5 5 6 2 6 4 5 0 1 0 4 1 0 0 2 2 5 10 0 0 4 6 5 3 0 0 5 0 5 2 6 2 1 3 4 
5 2 0 0 4 3 3 1 0 2 6 0 0 0 6 0 0 0 5 3 2 0 0 0 0 3 2 2 4 2 0 5 0 10 5 1 0 2 0 10 3 1 2 2 0 10 10 2 5 2 0 2 5 0 3 2 5 0 5 0 0 2 2 5 0 0 2 5 10 2 0 5 5 2 0 0 0 0 0 0 2 10 5 0 6 4 0 0 1 3 5 5 0 0 3 10 0 6 2 3 
2 0 5 1 5 0 5 2 2 3 2 3 0 5 5 10 5 5 5 1 5 4 5 0 5 0 10 0 5 0 5 2 1 6 0 1 0 5 0 0 0 3 3 0 2 1 2 0 10 0 2 0 1 5 5 0 5 1 1 5 10 4 0 2 2 0 10 0 10 2 2 1 0 1 1 1 1 5 0 5 0 0 10 2 5 10 1 0 1 0 5 5 1 5 0 5 0 10 2 5 
3 2 5 10 4 0 4 0 0 5 0 5 0 10 1 0 10 10 0 1 1 1 0 3 2 5 0 5 3 0 0 2 0 2 4 0 1 5 5 0 1 5 2 0 4 0 2 3 4 5 5 1 0 0 0 5 0 2 0 0 10 2 2 5 0 1 3 3 5 0 1 3 0 5 0 10 5 0 5 0 0 5 0 5 5 0 2 2 1 2 5 10 2 3 0 2 0 3 2 2 
4 2 0 0 5 5 0 0 5 5 4 0 5 2 2 2 0 0 4 5 10 5 0 6 0 2 0 6 1 2 10 0 2 10 5 5 0 0 0 0 5 5 1 2 4 10 0 5 0 3 0 5 0 0 10 1 5 4 5 2 0 0 0 0 1 2 1 5 1 4 1 0 2 10 10 0 2 5 1 5 0 5 5 0 4 4 0 2 5 2 10 0 0 10 5 5 0 0 3 1 
5 6 0 10 0 0 1 2 4 1 5 1 10 0 1 5 6 5 0 1 2 0 5 0 5 5 2 0 5 0 0 0 0 5 2 2 0 0 0 10 1 1 3 5 1 0 0 2 0 0 3 5 0 10 0 3 5 1 0 0 0 2 5 1 3 1 0 0 0 2 0 2 0 10 1 0 0 5 1 5 2 0 2 5 1 10 0 2 5 2 3 10 1 0 3 0 5 5 2 10 
2 1 2 10 2 2 5 2 0 5 5 6 2 2 6 0 0 0 5 4 3 10 4 2 10 0 1 0 10 0 10 5 2 0 2 0 0 10 0 0 1 5 2 2 5 0 0 2 0 0 2 0 5 1 3 0 2 5 5 0 5 5 0 2 0 0 5 1 10 1 0 0 2 5 2 1 0 0 5 5 5 10 2 2 0 1 5 0 10 1 2 10 10 5 5 5 10 10 2 1 
5 0 0 5 5 5 1 6 4 5 0 5 2 0 5 2 1 5 0 5 0 0 10 10 3 5 5 10 2 3 5 10 0 5 2 1 10 6 0 0 4 0 1 3 0 10 2 0 2 1 5 5 0 5 5 2 0 0 4 5 1 4 10 3 1 0 2 2 5 1 0 6 0 2 0 5 5 4 10 0 0 0 3 5 2 2 2 0 5 3 6 5 1 0 2 0 2 2 3 0 
2 1 2 0 0 5 2 0 0 10 0 2 1 0 1 0 1 0 0 0 1 0 6 1 10 2 1 5 5 2 0 0 1 2 2 0 0 3 0 6 0 5 3 1 2 2 5 2 0 1 0 1 2 4 1 5 0 0 5 10 5 2 1 1 10 5 0 0 0 5 2 0 0 5 4 5 5 2 0 0 0 5 3 0 5 5 5 10 2 0 0 0 1 0 5 1 4 0 2 10 
0 0 0 2 0 3 5 5 5 0 1 5 4 3 0 2 5 0 3 0 2 5 0 0 1 4 4 2 5 1 6 6 10 3 2 0 3 5 5 4 1 10 1 0 5 2 6 2 0 2 5 1 0 5 0 5 4 5 0 1 2 1 5 5 2 0 1 5 5 2 0 2 1 2 0 0 6 2 3 5 2 1 0 5 1 5 2 2 0 5 1 1 1 0 1 1 1 10 2 10 
5 0 3 5 0 0 2 2 5 5 5 2 10 2 0 6 0 2 1 0 5 0 0 0 10 0 5 5 0 2 0 10 5 2 0 5 1 5 5 6 0 2 4 2 10 2 2 0 1 0 0 5 0 2 0 0 5 10 1 0 0 1 0 10 1 5 6 2 4 5 1 4 5 0 0 6 0 5 5 3 5 0 0 0 3 5 4 2 0 4 2 0 2 0 1 5 5 4 0 5 
5 5 0 5 0 0 5 1 5 1 0 10 5 0 0 10 2 0 2 2 1 2 5 3 0 10 1 5 10 0 5 5 5 0 0 5 6 0 5 1 10 0 1 4 2 5 5 10 1 4 0 10 10 0 0 5 1 5 2 0 0 4 2 5 0 5 0 1 5 1 10 0 1 3 5 4 0 0 0 2 0 0 3 5 1 5 0 5 3 1 0 2 5 2 5 1 5 10 2 2 
0 1 6 2 4 1 1 2 10 3 6 10 2 4 2 5 1 0 2 0 0 2 10 0 0 5 5 2 0 2 0 10 1 5 10 0 5 0 10 0 0 0 0 2 0 2 3 0 0 5 2 4 2 0 2 5 4 2 1 1 4 0 0 0 6 5 0 4 5 5 2 0 5 1 5 0 2 2 10 1 0 4 2 1 4 5 4 3 0 1 0 5 0 5 0 4 0 2 5 0 
0 0 10 1 10 4 2 2 6 0 5 4 5 10 2 0 5 0 2 5 2 0 1 2 10 2 4 2 2 3 5 10 0 0 0 0 5 2 0 2 1 2 6 2 2 10 0 1 2 0 2 0 2 0 5 0 10 1 5 0 2 0 0 1 1 0 5 0 1 0 5 5 10 2 10 0 5 5 4 0 5 5 4 5 2 0 0 0 5 5 0 1 3 0 2 5 10 0 1 0 
0 5 0 2 5 2 5 1 2 5 5 1 0 1 1 3 5 5 1 5 3 5 10 2 5 0 1 0 0 10 3 5 0 10 0 5 2 1 0 5 2 1 0 5 0 4 6 1 2 4 5 2 5 0 1 2 3 1 5 10 5 0 1 0 1 4 1 0 2 5 2 5 5 0 0 10 1 1 2 0 5 1 1 5 5 0 10 0 1 10 10 5 0 2 10 0 5 0 5 0 
5 2 2 5 0 0 0 0 4 5 6 0 0 0 1 1 0 5 0 0 0 5 0 4 1 5 3 5 10 2 1 0 3 5 0 3 6 2 5 1 0 2 2 0 0 0 0 3 0 2 0 2 0 1 3 0 1 10 2 1 0 6 1 1 0 0 0 1 0 0 0 5 5 5 4 2 0 5 3 2 0 3 4 5 6 1 2 2 0 0 2 0 1 2 2 10 1 6 0 0 
4 1 2 2 1 10 0 10 6 0 5 10 0 1 5 0 0 5 5 2 4 0 0 1 0 3 0 2 2 5 5 0 2 2 2 0 0 6 0 5 0 1 0 1 2 4 10 0 0 5 0 0 1 2 1 0 0 5 0 5 5 5 0 4 0 0 0 10 1 2 0 10 10 2 3 0 4 0 0 5 4 5 0 0 5 1 3 4 0 5 2 4 5 2 0 3 0 2 0 5 
2 0 0 2 0 0 2 5 3 2 5 0 5 0 0 2 0 1 1 2 3 0 1 5 0 2 1 5 3 3 10 4 10 5 2 0 2 3 0 4 10 5 6 2 3 5 0 5 2 5 2 10 3 1 0 5 2 0 1 6 0 0 5 1 0 0 0 4 1 3 1 10 10 3 5 5 0 2 2 0 2 4 0 5 10 2 0 0 2 0 1 0 1 10 1 0 2 10 10 2 
4 0 10 1 5 10 0 10 10 0 0 0 5 5 10 5 0 1 10 1 5 0 0 0 1 0 0 2 0 3 1 1 0 2 5 5 3 0 1 10 2 6 1 0 0 6 1 5 5 6 5 0 3 5 0 1 2 0 5 2 1 4 0 0 1 10 4 0 5 1 0 5 0 2 5 0 0 2 2 2 5 2 2 0 0 10 5 0 5 0 0 0 10 10 4 5 0 10 0 3 
0 10 0 0 0 0 2 5 0 0 2 0 1 2 5 0 4 0 2 10 1 2 0 5 2 5 2 2 5 0 2 5 2 2 0 1 4 0 0 10 2 2 5 5 0 0 5 1 0 2 10 10 5 1 0 10 5 0 5 4 5 5 1 2 0 1 1 5 0 2 0 0 0 2 6 2 5 0 0 0 0 0 5 5 0 5 5 1 0 5 1 10 2 1 2 10 2 5 1 10 
0 5 5 4 0 0 10 2 5 1 0 2 5 3 0 1 0 2 0 5 2 5 5 2 0 1 5 2 0 0 0 0 2 0 0 5 1 3 3 1 2 5 10 5 5 5 10 0 5 6 2 2 0 4 2 1 1 5 2 5 1 5 0 5 0 2 3 1 2 0 1 5 0 1 2 0 0 0 0 5 10 2 1 2 2 1 2 5 0 0 2 0 1 4 2 4 0 5 0 10 
4 4 1 4 2 0 0 1 0 2 5 4 5 5 5 0 2 5 0 5 1 2 1 4 10 2 0 0 0 2 4 3 10 0 0 6 10 0 6 0 0 4 0 1 2 2 10 2 1 4 0 2 1 1 0 0 0 2 0 1 10 2 5 2 0 0 1 0 0 1 0 0 0 5 5 2 2 5 2 0 0 5 10 2 0 1 0 2 5 3 5 0 2 10 2 0 5 5 5 2 
1 2 0 1 0 2 5 5 3 5 0 0 10 0 0 0 5 4 2 0 4 2 2 0 0 4 0 0 2 10 5 2 2 2 1 0 0 10 4 2 5 0 5 1 1 0 5 5 2 5 5 1 3 0 2 0 6 0 2 4 0 0 5 5 5 10 10 5 0 5 0 0 2 2 0 2 5 0 0 2 3 5 10 0 0 2 1 2 0 5 2 10 1 5 0 0 0 10 0 5 
5 1 0 1 3 2 2 5 2 10 2 2 1 1 0 0 5 5 2 5 2 0 2 5 1 5 2 0 5 5 5 2 0 5 0 0 6 0 5 10 5 2 0 3 2 1 10 0 5 0 5 0 0 2 0 2 0 0 1 5 1 5 10 5 5 10 10 0 0 0 0 2 0 1 10 0 2 1 0 0 2 2 0 1 4 2 5 0 10 2 5 5 0 0 1 2 5 5 2 1 
0 2 5 5 1 5 1 0 0 1 0 0 0 4 0 0 2 0 5 0 0 10 4 2 0 0 0 2 0 5 5 4 10 5 1 2 0 0 5 0 2 1 5 1 0 2 2 3 1 1 2 1 5 10 10 5 2 5 2 0 3 1 2 0 5 2 3 2 2 1 5 2 1 0 10 0 5 0 3 3 1 5 5 0 5 0 5 5 1 2 5 5 10 0 10 4 2 4 0 0 
2 0 5 2 2 5 0 10 0 2 5 0 5 5 5 0 0 5 1 0 5 1 0 0 5 2 10 5 5 2 3 0 1 10 10 2 10 0 0 2 2 1 3 1 0 0 6 0 0 0 0 1 0 10 1 2 0 4 0 0 5 5 10 0 4 3 5 5 6 2 5 0 10 10 0 2 0 0 5 10 10 10 1 10 5 10 0 5 6 0 4 0 10 3 0 10 0 1 0 0 
1 5 0 0 0 0 10 0 2 5 2 2 0 5 3 2 0 0 3 5 2 2 0 2 2 0 2 0 10 5 5 5 2 2 2 10 1 0 2 0 5 2 2 0 10 1 2 10 3 4 0 1 10 0 0 1 5 5 0 6 4 0 0 10 2 0 5 0 2 0 2 2 0 0 2 0 2 2 5 4 2 5 0 1 2 0 0 0 0 2 0 2 10 2 2 1 3 0 1 2 
5 10 0 1 5 10 1 5 2 0 5 5 2 10 5 1 3 0 5 5 2 5 0 1 10 2 2 5 0 5 5 10 5 5 0 5 0 0 0 2 1 1 10 0 0 5 5 3 2 1 0 1 5 2 0 0 5 5 6 0 0 2 5 1 0 4 0 0 5 0 2 5 2 5 0 2 0 0 10 1 3 2 1 5 2 0 1 4 0 1 0 2 2 4 4 0 0 0 1 5 
5 2 2 3 2 3 2 0 5 2 5 4 2 6 0 1 3 0 0 4 0 0 2 0 0 1 0 0 0 2 1 2 5 0 2 1 5 0 1 0 1 0 0 10 0 2 0 0 0 0 0 5 0 5 5 0 4 2 2 5 0 2 5 1 5 0 2 2 0 0 5 0 1 0 0 2 0 0 5 5 10 5 0 5 5 2 0 1 2 5 5 0 4 0 2 5 10 5 5 1 
1 10 0 5 10 2 0 5 2 0 0 2 0 1 3 0 3 5 10 5 5 1 5 0 10 0 0 0 0 3 2 5 5 2 0 0 5 0 10 0 2 2 5 1 1 5 2 0 2 0 0 0 5 1 1 5 10 0 3 5 0 10 4 2 3 0 2 2 0 0 2 0 0 3 5 5 10 5 0 2 0 2 10 2 0 5 2 0 1 0 0 0 0 1 2 2 5 5 0 0 
0 2 0 4 10 5 0 3 5 10 0 2 1 10 2 10 2 3 0 1 2 3 2 10 1 0 10 3 6 10 2 0 2 6 3 5 2 2 2 5 0 0 0 0 0 2 2 1 5 2 0 5 0 5 5 5 0 0 5 3 2 1 0 0 2 5 0 2 0 5 0 2 0 3 10 4 1 5 2 0 1 0 0 0 0 1 0 3 2 2 1 0 2 1 2 0 2 1 2 2 
5 0 2 10 5 2 0 3 0 0 2 0 5 5 2 5 5 1 0 5 2 1 5 1 0 4 2 1 0 0 10 5 0 10 0 10 4 10 2 10 2 5 6 5 0 4 0 10 5 2 2 0 0 0 2 5 0 0 2 5 0 0 5 5 0 4 2 5 0 10 0 3 2 1 10 2 3 10 0 1 0 5 0 0 5 0 0 0 5 5 2 3 3 2 3 0 2 1 1 1 
5 5 2 1 5 5 2 2 5 1 0 0 0 5 0 5 2 2 0 1 0 0 5 0 2 1 2 2 2 5 1 0 0 5 5 10 5 5 1 1 0 0 2 1 5 1 0 5 2 5 10 0 5 5 0 10 0 5 1 0 0 4 5 1 3 5 4 2 0 2 5 5 2 5 10 5 2 5 2 0 5 0 0 0 2 2 0 0 2 0 5 5 2 2 5 5 0 2 3 1 
5 5 0 0 5 1 2 0 10 5 2 2 5 1 2 4 2 5 5 2 0 0 3 1 2 0 1 0 0 1 2 10 5 0 5 0 10 0 10 0 0 4 0 1 5 0 0 0 0 10 5 10 0 5 2 2 3 3 0 0 3 2 4 1 4 0 0 2 5 1 10 10 0 5 1 0 1 0 10 0 0 0 0 0 2 0 1 1 2 0 3 0 0 5 5 4 0 2 3 5 
2 2 2 0 0 10 2 0 10 2 5 1 5 2 5 0 5 5 5 5 0 4 4 5 0 1 0 0 5 10 5 2 1 0 0 5 0 5 6 5 5 5 0 2 2 1 0 2 0 0 0 2 5 0 5 2 5 0 5 0 5 1 5 5 5 0 5 0 5 2 2 0 1 0 10 1 5 5 2 0 0 0 0 0 0 0 10 2 5 0 2 0 5 5 0 5 2 2 2 5 
5 5 5 5 2 0 0 0 6 0 0 4 5 0 0 4 4 0 2 4 5 5 10 5 0 5 0 10 2 10 1 2 2 0 3 0 5 2 0 2 1 5 5 5 2 2 0 5 5 0 6 5 5 4 1 0 2 5 1 3 1 4 2 5 6 5 10 0 0 2 0 0 4 5 5 2 2 5 0 0 5 2 2 0 0 5 2 0 5 2 1 0 3 4 6 10 10 0 5 2 
1 1 0 2 5 4 2 5 0 2 0 0 0 1 2 10 5 2 10 5 0 5 0 2 1 5 1 6 0 3 1 2 2 0 0 2 0 5 5 3 0 0 0 3 10 0 5 0 1 4 4 10 0 4 10 1 2 5 5 5 5 5 0 0 1 1 2 10 5 1 1 2 2 0 10 0 0 2 5 1 0 2 0 0 5 0 10 1 1 5 0 0 1 5 0 2 0 10 5 0 
1 0 0 1 5 5 0 5 1 1 0 0 2 6 0 2 5 6 0 1 1 10 2 0 0 5 1 0 1 2 3 2 1 5 0 5 5 0 0 2 10 5 0 0 2 2 0 1 0 6 0 1 2 0 0 5 2 5 2 4 0 4 0 10 2 3 0 5 5 2 0 1 5 5 0 0 1 0 2 0 0 0 1 10 2 10 0 5 0 0 5 0 1 0 0 0 0 5 5 3 
1 2 0 10 10 0 2 0 2 0 5 2 0 2 5 10 0 5 2 10 5 6 10 0 0 2 2 3 0 4 2 10 5 5 0 2 3 0 0 1 2 5 2 2 5 1 2 0 2 5 0 0 2 2 2 0 0 10 2 2 5 3 0 0 2 4 0 0 1 5 2 2 0 5 5 0 4 1 0 3 0 0 1 2 0 1 5 0 2 3 0 1 1 2 0 5 0 0 0 1 
0 0 0 3 3 4 0 5 10 0 1 2 0 4 0 5 5 2 5 0 2 10 5 5 5 1 0 6 5 6 5 0 0 3 0 3 0 5 2 0 2 5 4 6 4 0 2 2 10 3 1 1 1 5 5 10 5 2 0 0 3 0 5 1 0 0 2 5 0 0 5 0 10 1 6 0 0 2 1 2 5 2 2 5 5 1 0 2 0 2 2 2 4 6 0 2 0 1 0 1 
5 3 0 1 0 10 4 2 0 0 5 1 5 3 1 1 0 0 2 2 0 2 5 4 2 10 5 5 5 0 1 1 2 0 0 2 2 3 5 0 2 5 5 5 2 5 10 2 0 0 3 0 2 2 2 1 3 0 5 4 1 1 5 10 0 5 0 0 5 0 3 5 2 2 0 2 1 5 0 2 5 0 0 0 2 5 0 3 2 0 1 4 0 2 2 3 0 0 0 5 
2 0 0 5 5 10 2 0 2 2 4 0 0 2 0 0 5 10 0 10 1 3 5 5 5 2 3 10 1 0 4 2 5 1 2 0 0 3 5 1 0 0 2 1 0 5 0 0 2 0 5 5 5 10 3 2 6 0 1 2 0 0 0 10 2 2 1 0 1 2 5 2 5 5 4 0 0 5 0 1 2 5 3 2 1 0 5 0 2 1 0 5 0 0 2 0 5 2 0 1 
0 0 4 5 2 2 2 4 0 0 2 0 2 1 0 0 5 5 5 0 1 2 1 10 0 0 1 2 2 2 5 4 0 0 5 2 0 10 2 5 5 0 5 0 2 5 0 10 5 5 5 5 10 0 10 10 5 0 1 0 2 5 1 5 0 4 0 0 10 0 0 10 5 5 0 2 2 0 0 0 3 5 0 0 0 0 0 1 2 4 5 0 10 2 1 1 2 2 5 2 
1 2 0 0 0 2 1 5 4 2 4 10 0 2 0 3 0 5 0 5 2 1 1 10 5 4 5 2 0 0 5 5 1 5 5 0 0 1 0 2 0 5 0 2 2 5 0 1 3 0 0 1 2 0 1 10 1 1 1 2 5 0 3 0 1 5 1 10 2 1 2 1 0 10 10 10 2 4 0 2 3 2 0 5 3 1 1 1 4 0 0 10 0 1 1 6 5 0 0 4 
3 1 0 1 5 2 0 0 0 2 5 1 5 5 0 2 0 5 4 5 5 0 0 4 0 10 0 1 3 1 1 3 6 1 0 4 5 0 2 4 1 0 10 0 5 4 0 3 5 5 0 5 3 10 0 5 0 0 0 0 2 5 0 2 2 2 10 10 1 4 10 5 0 0 3 2 4 0 1 1 2 2 5 5 4 5 0 2 6 2 0 2 1 0 0 0 0 5 5 6 
5 5 0 5 5 4 5 0 1 10 10 4 5 2 0 1 2 0 2 2 0 5 1 1 10 1 3 0 0 10 10 2 4 10 3 0 10 5 0 0 0 2 2 4 5 1 0 0 4 2 3 0 0 5 3 5 2 5 1 1 5 0 2 10 2 0 1 4 2 2 2 0 1 10 0 2 4 2 2 2 3 5 5 0 6 0 0 0 0 2 2 1 1 0 0 0 5 2 5 0 
2 5 1 10 0 2 1 2 5 0 2 5 2 2 5 2 5 6 1 0 1 1 5 0 5 3 5 2 0 10 0 2 0 0 0 5 2 0 2 0 5 10 5 0 2 0 5 0 5 6 10 5 2 5 0 5 0 1 1 5 1 4 5 0 10 3 0 5 10 4 0 0 2 4 10 1 0 5 2 0 0 5 4 5 10 2 0 5 2 3 0 1 6 0 0 0 1 10 4 5 
5 6 1 10 5 1 5 0 2 0 0 0 0 1 1 10 2 10 0 0 0 0 0 5 2 2 5 2 0 2 1 6 1 2 1 0 1 5 0 2 0 10 0 1 0 0 10 2 2 2 0 0 0 0 5 10 2 4 1 5 5 0 10 5 1 0 2 0 2 0 5 0 5 2 0 3 0 10 5 2 2 0 0 2 10 0 0 0 0 0 5 2 5 0 5 1 0 0 4 2 
5 2 0 10 5 0 3 10 10 2 5 0 0 2 10 2 2 0 5 5 10 5 0 2 2 10 0 3 5 0 10 1 2 5 0 0 0 1 0 2 0 10 0 3 3 1 10 2 4 1 6 10 3 0 5 10 2 0 10 4 10 2 0 0 6 2 10 10 5 5 5 10 5 4 1 0 0 5 5 1 1 2 2 2 0 10 5 0 1 0 2 2 0 5 2 10 0 0 2 2 
5 2 3 10 0 5 5 3 5 0 0 4 5 5 5 5 1 2 5 5 2 0 2 5 0 0 0 0 5 0 5 10 0 5 10 5 0 6 0 2 4 0 1 3 5 5 2 0 0 3 2 2 2 3 2 2 3 2 2 0 2 5 1 5 0 0 10 0 1 0 5 0 2 0 0 1 1 5 0 2 1 3 3 2 5 5 5 0 0 0 0 5 0 5 5 4 4 2 0 5 
2 2 2 1 5 2 10 10 0 2 1 2 3 3 4 0 0 2 2 2 2 2 0 2 0 6 0 4 5 3 3 6 5 5 5 2 2 10 2 4 5 2 5 0 4 5 10 5 0 4 3 5 2 1 10 1 0 10 10 5 2 0 0 0 0 5 2 3 10 10 2 5 1 0 0 2 5 1 0 2 1 1 5 5 2 0 3 1 1 5 1 2 4 6 0 5 2 2 5 0 
